1.4596681043858692
1.693958858562687
1.579313435517176
2.7134905430939424
3.11143055176598
2.649032553867024
1.0
1.1576708600327512
3.208340564774036
3.7134905430939424
3.2985171951231242
1.1579124703209875
2.9210988535956885
4.11143055176598
2.997487199459143
3.5093705604380174
3.1337069464771323
1.0103711968578646
2.907310569110055
3.2985171951231242
2.8104005561019987
3.050732711412368
3.266332511751723
3.6343092970463173
3.8104005561019987
2.5995471907871055
2.4347369421411136
2.319038862267726
2.0641556843818005
2.649032553867024
2.7312193100543736
1.8634572854041733
2.3632425247597797
3.5673625074157043
2.821395940403462
2.981096783270974
2.6062805734460737
1.6372142876897249
3.050732711412368
3.9353392927102986
2.907310569110055
3.8104005561019987
3.8104005561019987
3.8104005561019987
1.4567727971164555
1.9086698643727802
2.6642725204237605
3.333279301382336
2.51483345613952
2.030443504855093
1.4190243169323495
3.1337069464771323
2.672097857935717
2.8104005561019987
1.8125774753562733
1.7091691693112998
2.7312193100543736
2.1719112991473617
1.4393326938302626
2.1845738428162877
2.254098055334712
2.4830416217156683
3.23636928837428
2.6565856917574697
2.2002729430260035
3.412460547429961
1.4055668394820608
2.2918866162241116
1.6172759577475373
3.371067862271736
3.266332511751723
3.266332511751723
2.007626830810023
1.5844454832059844
3.7134905430939424
2.4986466950462445
3.2985171951231242
2.6565856917574697
2.4830416217156683
2.5612021987108857
2.3018708371307124
1.5449930595709098
2.0641556843818005
3.6343092970463173
3.157188042326655
3.2985171951231242
2.4779620961863937
2.6343092970463173
2.7134905430939424
2.421234471737466
2.7996766907102257
4.11143055176598
3.032249305718355
4.11143055176598
3.6343092970463173
1.482020952663261
3.333279301382336
3.157188042326655
2.997487199459143
1.7611825334318172
2.1202044760734853
3.2985171951231242
3.2985171951231242
2.5995471907871055
2.844258823362966
3.371067862271736
2.856158046662674
2.8683925030796855
4.11143055176598
2.2725814610287247
3.23636928837428
3.070037866607755
2.7996766907102257
3.9353392927102986
2.3296751771135114
2.573611456692706
2.2951892517741967
3.050732711412368
1.0088253576394133
3.5673625074157043
2.51483345613952
3.412460547429961
3.4582180379906364
3.371067862271736
3.5093705604380174
2.4081391736473186
2.3120900023123983
1.739439640301065
2.4347369421411136
2.704890371332025
2.4679778752797925
2.129159318726412
2.2632414347745815
2.51483345613952
2.02864518144953
2.649032553867024
2.6642725204237605
3.7134905430939424
3.11143055176598
2.880981630387706
3.9353392927102986
2.525969822257479
3.182011626051687
3.032249305718355
4.11143055176598
3.8104005561019987
3.2985171951231242
4.11143055176598
4.11143055176598
2.208340564774036
2.2886089064628754
3.1337069464771323
2.907310569110055
3.0902412526960417
1.9114012852122098
2.789211257032061
1.7670382780808693
2.3120900023123983
2.6062805734460737
2.740362689494244
2.7134905430939424
3.5093705604380174
1.9941592561102157
2.6565856917574697
2.688184677829172
2.832676950813151
3.182011626051687
1.9210988535956885
3.050732711412368
2.315550534421905
2.9210988535956885
2.51483345613952
3.7134905430939424
3.0902412526960417
3.5093705604380174
2.4830416217156683
3.8104005561019987
3.7134905430939424
2.3871546821651908
2.6800667876069926
3.11143055176598
2.704890371332025
3.266332511751723
2.239274279017687
3.7134905430939424
2.6200688579317073
3.4582180379906364
2.9653025160877418
2.0902412526960417
4.11143055176598
4.11143055176598
4.11143055176598
4.11143055176598
4.11143055176598
2.4830416217156683
3.412460547429961
4.11143055176598
2.3593821039465412
2.520365944739481
4.11143055176598
3.6343092970463173
3.1337069464771323
2.649032553867024
4.11143055176598
2.789211257032061
4.11143055176598
1.605602517911144
3.8104005561019987
3.8104005561019987
3.5673625074157043
2.997487199459143
3.333279301382336
3.266332511751723
2.224939826593498
3.157188042326655
3.5093705604380174
3.050732711412368
3.182011626051687
3.8104005561019987
3.7134905430939424
4.11143055176598
3.9353392927102986
3.412460547429961
4.11143055176598
2.627130712419194
3.6343092970463173
3.8104005561019987
3.8104005561019987
3.4582180379906364
3.412460547429961
1.9455929270758519
2.704890371332025
2.9210988535956885
3.266332511751723
2.997487199459143
3.23636928837428
3.5673625074157043
3.0902412526960417
4.11143055176598
3.032249305718355
4.11143055176598
2.749702715748387
2.821395940403462
2.844258823362966
2.439332693830263
3.9353392927102986
3.1337069464771323
2.3790367919430113
3.5093705604380174
3.5093705604380174
3.8104005561019987
2.3790367919430113
3.0902412526960417
2.844258823362966
2.4830416217156683
2.7222644674014473
3.4582180379906364
2.333279301382336
2.9653025160877418
3.208340564774036
3.4582180379906364
3.4582180379906364
1.684919290401405
2.5612021987108857
2.7789920918503745
3.333279301382336
3.157188042326655
3.11143055176598
2.6800667876069926
3.6343092970463173
2.157188042326655
3.5673625074157043
3.6343092970463173
2.5093705604380174
3.032249305718355
4.11143055176598
3.6343092970463173
3.9353392927102986
3.2985171951231242
3.5093705604380174
3.6343092970463173
3.2985171951231242
2.8939466075520732
3.7134905430939424
3.5673625074157043
2.9210988535956885
2.254098055334712
3.1337069464771323
3.2985171951231242
3.032249305718355
3.9353392927102986
1.948567558444054
2.187151265704099
2.8939466075520732
3.9353392927102986
2.5673625074157043
3.9353392927102986
2.3296751771135114
3.8104005561019987
2.7592480336546172
3.157188042326655
2.157188042326655
2.3750340494893374
3.412460547429961
2.844258823362966
3.9353392927102986
2.537399284038261
2.749702715748387
3.050732711412368
3.9353392927102986
3.7134905430939424
3.7134905430939424
3.2985171951231242
2.6642725204237605
2.844258823362966
3.070037866607755
3.9353392927102986
3.9353392927102986
3.070037866607755
2.472941294811343
4.11143055176598
2.749702715748387
2.740362689494244
3.8104005561019987
3.4582180379906364
3.9353392927102986
3.7134905430939424
3.8104005561019987
4.11143055176598
3.8104005561019987
3.6343092970463173
3.182011626051687
2.704890371332025
2.981096783270974
2.997487199459143
3.371067862271736
3.0145205387579233
3.333279301382336
2.6200688579317073
2.9353392927102986
3.8104005561019987
3.7134905430939424
3.5093705604380174
2.627130712419194
2.749702715748387
2.844258823362966
2.789211257032061
2.9353392927102986
3.23636928837428
3.9353392927102986
3.9353392927102986
3.9353392927102986
1.859792331317768
3.5673625074157043
3.8104005561019987
3.9353392927102986
3.9353392927102986
3.23636928837428
3.0145205387579233
3.7134905430939424
3.9353392927102986
3.412460547429961
3.0145205387579233
3.9353392927102986
1.694790044427699
3.5673625074157043
3.070037866607755
2.6964572037951617
2.997487199459143
3.23636928837428
3.7134905430939424
2.8104005561019987
2.9653025160877418
3.9353392927102986
3.9353392927102986
3.9353392927102986
2.740362689494244
1.5929166118880926
3.412460547429961
2.543228827698985
2.9653025160877418
3.9353392927102986
3.9353392927102986
3.8104005561019987
2.9210988535956885
2.981096783270974
3.070037866607755
2.315550534421905
4.11143055176598
4.11143055176598
2.4486727200844056
2.2789216390597438
3.4582180379906364
2.856158046662674
3.23636928837428
3.266332511751723
3.8104005561019987
3.8104005561019987
3.9353392927102986
3.182011626051687
2.5612021987108857
3.208340564774036
3.208340564774036
2.821395940403462
1.5327913417979078
3.157188042326655
3.2985171951231242
3.6343092970463173
2.8683925030796855
3.9353392927102986
3.7134905430939424
3.371067862271736
3.7134905430939424
2.7996766907102257
3.4582180379906364
3.208340564774036
3.7134905430939424
3.412460547429961
3.7134905430939424
3.7134905430939424
3.4582180379906364
1.6760640451533189
3.5093705604380174
3.2985171951231242
3.7134905430939424
3.371067862271736
3.5093705604380174
3.412460547429961
2.5995471907871055
2.981096783270974
2.9500625495310056
3.208340564774036
3.157188042326655
3.7134905430939424
3.8104005561019987
2.1383026981662816
2.8939466075520732
3.7134905430939424
3.371067862271736
3.266332511751723
3.182011626051687
3.9353392927102986
3.5093705604380174
3.4582180379906364
2.2277691166123623
3.9353392927102986
3.9353392927102986
2.997487199459143
1.8634572854041733
2.641608535787817
2.907310569110055
3.9353392927102986
3.6343092970463173
3.032249305718355
3.8104005561019987
4.11143055176598
3.0145205387579233
2.997487199459143
3.070037866607755
3.0902412526960417
3.7134905430939424
4.11143055176598
3.371067862271736
2.33691358603743
3.7134905430939424
2.2853557490651535
2.832676950813151
3.6343092970463173
4.11143055176598
3.5093705604380174
3.23636928837428
2.907310569110055
3.333279301382336
3.5673625074157043
3.266332511751723
3.266332511751723
3.050732711412368
4.11143055176598
4.11143055176598
3.7134905430939424
3.8104005561019987
3.333279301382336
3.6343092970463173
3.11143055176598
3.9353392927102986
3.9353392927102986
2.856158046662674
3.7134905430939424
3.8104005561019987
3.371067862271736
3.7134905430939424
2.997487199459143
3.1337069464771323
3.7134905430939424
3.208340564774036
4.11143055176598
3.208340564774036
3.9353392927102986
3.9353392927102986
2.672097857935717
2.704890371332025
3.2985171951231242
3.4582180379906364
3.9353392927102986
3.0902412526960417
3.9353392927102986
3.9353392927102986
3.4582180379906364
3.4582180379906364
2.3442746856837995
2.9210988535956885
2.9210988535956885
2.9353392927102986
2.9653025160877418
2.5491376873095053
3.208340564774036
3.23636928837428
2.9653025160877418
2.740362689494244
3.6343092970463173
2.5093705604380174
3.5093705604380174
3.6343092970463173
3.266332511751723
3.7134905430939424
3.6343092970463173
3.7134905430939424
3.2985171951231242
2.7690078709437733
3.7134905430939424
2.981096783270974
2.0760008135814316
2.4439775988760264
3.208340564774036
3.8104005561019987
3.5673625074157043
3.5093705604380174
3.5093705604380174
2.7996766907102257
3.7134905430939424
2.8939466075520732
2.8939466075520732
3.8104005561019987
3.8104005561019987
3.9353392927102986
3.8104005561019987
3.6343092970463173
2.7222644674014473
2.5491376873095053
3.9353392927102986
3.5673625074157043
3.6343092970463173
3.4582180379906364
4.11143055176598
3.23636928837428
4.11143055176598
3.6343092970463173
4.11143055176598
3.8104005561019987
4.11143055176598
3.0145205387579233
4.11143055176598
4.11143055176598
3.5673625074157043
4.11143055176598
4.11143055176598
1.0479095520759893
2.9500625495310056
3.9353392927102986
2.844258823362966
3.0145205387579233
3.266332511751723
3.9353392927102986
3.2985171951231242
2.8104005561019987
3.7134905430939424
2.844258823362966
2.3830767697447515
3.182011626051687
3.9353392927102986
3.8104005561019987
4.11143055176598
1.010199164975281
3.266332511751723
1.432457175846215
2.907310569110055
2.157188042326655
3.9353392927102986
3.5673625074157043
2.844258823362966
2.9210988535956885
2.7222644674014473
3.9353392927102986
3.9353392927102986
3.1337069464771323
3.070037866607755
3.7134905430939424
3.8104005561019987
3.8104005561019987
4.11143055176598
3.7134905430939424
3.5673625074157043
3.8104005561019987
3.7134905430939424
3.7134905430939424
2.6565856917574697
3.8104005561019987
2.7312193100543736
3.6343092970463173
2.740362689494244
3.5673625074157043
3.6343092970463173
3.8104005561019987
3.8104005561019987
2.525969822257479
3.157188042326655
3.0145205387579233
2.7222644674014473
3.157188042326655
3.8104005561019987
3.5093705604380174
3.9353392927102986
3.412460547429961
3.9353392927102986
3.9353392927102986
3.5093705604380174
3.4582180379906364
3.5093705604380174
1.9622114391106
3.5673625074157043
3.9353392927102986
1.7954602063090623
1.1876685909372797
2.907310569110055
3.371067862271736
3.7134905430939424
3.7134905430939424
3.266332511751723
3.6343092970463173
3.371067862271736
3.5673625074157043
2.627130712419194
3.050732711412368
2.907310569110055
2.048848567537817
2.8683925030796855
3.5673625074157043
3.8104005561019987
3.8104005561019987
2.208340564774036
3.6343092970463173
3.5093705604380174
3.6343092970463173
2.2601722030469045
3.371067862271736
3.7134905430939424
3.9353392927102986
3.8104005561019987
3.9353392927102986
3.23636928837428
3.4582180379906364
3.2985171951231242
3.8104005561019987
3.9353392927102986
3.266332511751723
3.9353392927102986
3.7134905430939424
2.573611456692706
3.5673625074157043
2.4933824550538874
3.8104005561019987
3.4582180379906364
4.11143055176598
3.5093705604380174
3.5673625074157043
3.9353392927102986
3.412460547429961
1.0716199976176297
4.11143055176598
3.333279301382336
4.11143055176598
2.9210988535956885
2.997487199459143
3.7134905430939424
4.11143055176598
4.11143055176598
3.371067862271736
2.6062805734460737
2.9500625495310056
2.2138034604755386
3.9353392927102986
3.9353392927102986
3.9353392927102986
3.266332511751723
3.0145205387579233
3.266332511751723
3.7134905430939424
3.6343092970463173
3.5673625074157043
1.9455929270758519
1.8926325536542425
3.412460547429961
3.7134905430939424
3.7134905430939424
3.5673625074157043
2.6565856917574697
3.7134905430939424
3.032249305718355
3.5673625074157043
3.9353392927102986
3.5673625074157043
1.3303936131448482
3.9353392927102986
3.266332511751723
3.333279301382336
3.8104005561019987
3.8104005561019987
4.11143055176598
4.11143055176598
4.11143055176598
4.11143055176598
4.11143055176598
4.11143055176598
4.11143055176598
2.573611456692706
2.416825352832411
4.11143055176598
4.11143055176598
3.5093705604380174
3.9353392927102986
3.8104005561019987
4.11143055176598
3.4582180379906364
4.11143055176598
3.9353392927102986
3.333279301382336
4.11143055176598
4.11143055176598
4.11143055176598
3.9353392927102986
3.9353392927102986
3.5673625074157043
3.9353392927102986
3.412460547429961
3.0902412526960417
3.157188042326655
3.5673625074157043
3.0902412526960417
2.7222644674014473
4.11143055176598
4.11143055176598
3.050732711412368
3.182011626051687
3.8104005561019987
4.11143055176598
4.11143055176598
4.11143055176598
3.2985171951231242
3.9353392927102986
4.11143055176598
4.11143055176598
4.11143055176598
2.9353392927102986
3.371067862271736
4.11143055176598
3.7134905430939424
3.2985171951231242
3.4582180379906364
3.333279301382336
4.11143055176598
4.11143055176598
3.266332511751723
4.11143055176598
4.11143055176598
3.5093705604380174
4.11143055176598
3.8104005561019987
4.11143055176598
3.8104005561019987
4.11143055176598
4.11143055176598
2.997487199459143
2.907310569110055
3.6343092970463173
3.8104005561019987
2.9353392927102986
3.9353392927102986
2.8683925030796855
4.11143055176598
3.9353392927102986
1.019236431068664
3.9353392927102986
3.7134905430939424
2.098593327060808
2.981096783270974
3.371067862271736
4.11143055176598
4.11143055176598
3.8104005561019987
4.11143055176598
3.5093705604380174
3.9353392927102986
3.9353392927102986
3.9353392927102986
3.9353392927102986
3.9353392927102986
2.3517627070763494
3.9353392927102986
3.8104005561019987
4.11143055176598
3.5673625074157043
3.4582180379906364
4.11143055176598
3.7134905430939424
3.7134905430939424
3.050732711412368
3.208340564774036
3.9353392927102986
3.9353392927102986
3.9353392927102986
2.740362689494244
3.9353392927102986
3.7134905430939424
2.3954272081311805
3.1337069464771323
4.11143055176598
4.11143055176598
4.11143055176598
4.11143055176598
3.070037866607755
3.9353392927102986
4.11143055176598
3.7134905430939424
4.11143055176598
3.6343092970463173
2.789211257032061
4.11143055176598
3.6343092970463173
3.371067862271736
3.182011626051687
3.6343092970463173
3.333279301382336
2.2601722030469045
3.412460547429961
3.8104005561019987
3.8104005561019987
2.6062805734460737
3.8104005561019987
3.0145205387579233
3.208340564774036
3.8104005561019987
3.157188042326655
3.8104005561019987
3.8104005561019987
3.070037866607755
3.333279301382336
3.5673625074157043
2.9353392927102986
3.050732711412368
4.11143055176598
2.9653025160877418
3.0902412526960417
3.9353392927102986
4.11143055176598
4.11143055176598
4.11143055176598
3.4582180379906364
3.371067862271736
3.9353392927102986
3.4582180379906364
3.7134905430939424
3.7134905430939424
3.9353392927102986
4.11143055176598
3.2985171951231242
3.412460547429961
3.7134905430939424
3.9353392927102986
3.266332511751723
3.7134905430939424
3.9353392927102986
3.8104005561019987
3.9353392927102986
3.208340564774036
3.266332511751723
3.1337069464771323
3.9353392927102986
3.9353392927102986
3.9353392927102986
3.6343092970463173
3.9353392927102986
3.371067862271736
4.11143055176598
2.9500625495310056
4.11143055176598
4.11143055176598
3.371067862271736
2.641608535787817
4.11143055176598
3.6343092970463173
4.11143055176598
1.450565073762111
4.11143055176598
3.5093705604380174
3.5673625074157043
3.050732711412368
3.5673625074157043
3.266332511751723
3.7134905430939424
3.6343092970463173
2.981096783270974
2.8104005561019987
3.157188042326655
2.3710678622717363
2.981096783270974
4.11143055176598
3.5673625074157043
3.4582180379906364
3.266332511751723
3.8104005561019987
3.333279301382336
3.8104005561019987
4.11143055176598
3.7134905430939424
4.11143055176598
3.4582180379906364
3.412460547429961
2.2029455328873304
3.9353392927102986
3.8104005561019987
3.9353392927102986
3.8104005561019987
3.412460547429961
3.9353392927102986
3.9353392927102986
1.8683925030796855
3.9353392927102986
3.9353392927102986
3.9353392927102986
3.208340564774036
2.9353392927102986
3.333279301382336
3.5673625074157043
3.157188042326655
3.7134905430939424
3.8104005561019987
3.9353392927102986
3.5673625074157043
3.9353392927102986
3.5673625074157043
2.789211257032061
3.9353392927102986
2.9653025160877418
3.9353392927102986
3.6343092970463173
3.9353392927102986
3.8104005561019987
3.8104005561019987
3.2985171951231242
3.6343092970463173
4.11143055176598
3.5673625074157043
4.11143055176598
3.5093705604380174
3.7134905430939424
4.11143055176598
3.8104005561019987
3.266332511751723
3.050732711412368
3.5093705604380174
3.412460547429961
3.7134905430939424
3.412460547429961
2.2138034604755386
4.11143055176598
3.7134905430939424
3.9353392927102986
3.5673625074157043
2.907310569110055
3.4582180379906364
3.032249305718355
4.11143055176598
4.11143055176598
3.371067862271736
3.9353392927102986
3.5673625074157043
2.8683925030796855
3.6343092970463173
3.8104005561019987
3.9353392927102986
3.2985171951231242
3.23636928837428
4.11143055176598
3.23636928837428
3.8104005561019987
3.8104005561019987
3.2985171951231242
2.7592480336546172
3.9353392927102986
3.412460547429961
3.9353392927102986
4.11143055176598
4.11143055176598
3.5093705604380174
3.9353392927102986
3.333279301382336
3.8104005561019987
2.997487199459143
2.5799516347237246
4.11143055176598
3.4582180379906364
4.11143055176598
3.8104005561019987
3.9353392927102986
4.11143055176598
4.11143055176598
3.371067862271736
3.9353392927102986
3.6343092970463173
4.11143055176598
4.11143055176598
3.182011626051687
4.11143055176598
4.11143055176598
3.5093705604380174
4.11143055176598
4.11143055176598
4.11143055176598
4.11143055176598
3.8104005561019987
4.11143055176598
4.11143055176598
3.7134905430939424
3.9353392927102986
4.412460547429961
3.8104005561019987
4.11143055176598
4.412460547429961
4.412460547429961
3.9353392927102986
3.6343092970463173
4.412460547429961
3.9353392927102986
3.9353392927102986
3.9353392927102986
3.9353392927102986
3.9353392927102986
3.9353392927102986
3.9353392927102986
3.5673625074157043
3.0902412526960417
3.333279301382336
3.8104005561019987
3.8104005561019987
3.7134905430939424
2.7996766907102257
2.7222644674014473
3.8104005561019987
3.5673625074157043
3.333279301382336
1.5587623356537867
3.6343092970463173
3.7134905430939424
3.2985171951231242
3.23636928837428
4.11143055176598
4.412460547429961
4.412460547429961
4.11143055176598
3.9353392927102986
3.2985171951231242
4.11143055176598
3.050732711412368
3.5093705604380174
3.7134905430939424
3.8104005561019987
2.8939466075520732
3.5673625074157043
3.8104005561019987
3.5093705604380174
4.11143055176598
2.3710678622717363
4.11143055176598
4.11143055176598
3.5673625074157043
4.11143055176598
4.11143055176598
3.9353392927102986
3.6343092970463173
3.070037866607755
3.8104005561019987
4.412460547429961
4.412460547429961
4.412460547429961
3.11143055176598
4.11143055176598
3.7134905430939424
3.8104005561019987
3.8104005561019987
4.11143055176598
4.11143055176598
2.9210988535956885
4.412460547429961
3.9353392927102986
3.9353392927102986
2.821395940403462
3.9353392927102986
3.8104005561019987
3.8104005561019987
3.8104005561019987
3.7134905430939424
3.9353392927102986
3.9353392927102986
4.11143055176598
3.9353392927102986
3.8104005561019987
3.5673625074157043
3.8104005561019987
3.7134905430939424
4.11143055176598
4.11143055176598
1.1092644900094724
4.11143055176598
2.9353392927102986
4.11143055176598
4.11143055176598
4.11143055176598
3.7134905430939424
3.8104005561019987
3.9353392927102986
3.9353392927102986
2.239274279017687
3.333279301382336
3.7134905430939424
3.5673625074157043
3.23636928837428
3.9353392927102986
3.9353392927102986
4.11143055176598
3.9353392927102986
4.11143055176598
3.9353392927102986
3.9353392927102986
3.6343092970463173
3.9353392927102986
3.7134905430939424
3.182011626051687
3.9353392927102986
4.11143055176598
3.371067862271736
3.412460547429961
3.333279301382336
4.11143055176598
4.11143055176598
3.2985171951231242
3.8104005561019987
3.371067862271736
3.23636928837428
3.5673625074157043
3.8104005561019987
3.333279301382336
3.371067862271736
2.749702715748387
3.371067862271736
3.7134905430939424
3.371067862271736
2.7996766907102257
4.11143055176598
4.412460547429961
3.5673625074157043
4.412460547429961
4.11143055176598
2.740362689494244
4.11143055176598
4.412460547429961
2.6131199979763795
4.412460547429961
3.371067862271736
3.5673625074157043
3.7134905430939424
3.208340564774036
4.11143055176598
3.8104005561019987
3.8104005561019987
3.371067862271736
4.11143055176598
4.412460547429961
4.412460547429961
3.333279301382336
3.4582180379906364
3.8104005561019987
3.9353392927102986
3.7134905430939424
3.9353392927102986
1.0908621169646175
3.7134905430939424
3.9353392927102986
4.11143055176598
4.11143055176598
3.5093705604380174
3.1337069464771323
3.333279301382336
3.8104005561019987
3.7134905430939424
3.6343092970463173
3.6343092970463173
4.412460547429961
4.412460547429961
4.412460547429961
4.412460547429961
3.0902412526960417
3.8104005561019987
3.8104005561019987
4.11143055176598
2.6200688579317073
4.412460547429961
3.182011626051687
3.8104005561019987
3.9353392927102986
4.11143055176598
3.9353392927102986
3.9353392927102986
3.9353392927102986
3.6343092970463173
4.11143055176598
3.050732711412368
3.8104005561019987
3.5093705604380174
3.7134905430939424
3.9353392927102986
4.11143055176598
3.266332511751723
3.7134905430939424
3.8104005561019987
3.412460547429961
3.7134905430939424
3.0145205387579233
4.11143055176598
4.412460547429961
3.9353392927102986
3.0145205387579233
3.7134905430939424
3.8104005561019987
3.5673625074157043
4.412460547429961
4.412460547429961
4.412460547429961
2.4081391736473186
4.412460547429961
3.9353392927102986
4.412460547429961
3.208340564774036
1.1989427904336565
3.8104005561019987
3.9353392927102986
3.9353392927102986
3.8104005561019987
3.070037866607755
3.9353392927102986
3.7134905430939424
3.8104005561019987
2.02864518144953
4.11143055176598
4.412460547429961
4.412460547429961
4.412460547429961
4.412460547429961
3.5673625074157043
3.9353392927102986
3.9353392927102986
3.5673625074157043
3.333279301382336
2.981096783270974
3.333279301382336
2.7134905430939424
3.23636928837428
3.157188042326655
1.0760008135814318
4.11143055176598
4.412460547429961
2.9353392927102986
3.9353392927102986
3.5093705604380174
3.1337069464771323
4.412460547429961
1.9059555150250893
4.11143055176598
3.5673625074157043
4.11143055176598
4.11143055176598
4.11143055176598
3.9353392927102986
4.11143055176598
3.9353392927102986
3.7134905430939424
2.907310569110055
4.11143055176598
3.8104005561019987
4.11143055176598
2.543228827698985
3.6343092970463173
3.6343092970463173
3.6343092970463173
3.5673625074157043
2.6642725204237605
1.0252487471162308
3.8104005561019987
3.8104005561019987
4.11143055176598
3.8104005561019987
3.5673625074157043
4.11143055176598
3.7134905430939424
3.7134905430939424
1.9239098309295168
1.6386741024487677
3.412460547429961
3.6343092970463173
3.2985171951231242
3.23636928837428
3.157188042326655
3.1337069464771323
3.0902412526960417
3.412460547429961
3.412460547429961
3.333279301382336
3.11143055176598
3.333279301382336
3.412460547429961
3.412460547429961
3.2985171951231242
3.412460547429961
3.8104005561019987
3.371067862271736
4.11143055176598
4.11143055176598
3.2985171951231242
3.9353392927102986
3.9353392927102986
3.9353392927102986
3.9353392927102986
3.9353392927102986
3.8104005561019987
3.7134905430939424
3.9353392927102986
3.9353392927102986
3.7134905430939424
4.11143055176598
3.6343092970463173
3.7134905430939424
3.266332511751723
4.412460547429961
4.412460547429961
3.2985171951231242
4.11143055176598
4.11143055176598
4.11143055176598
4.11143055176598
4.11143055176598
3.157188042326655
3.9353392927102986
2.4830416217156683
3.9353392927102986
1.0333364013595694
1.0062611237666486
2.412460547429961
4.11143055176598
3.4582180379906364
4.11143055176598
4.11143055176598
3.7134905430939424
3.182011626051687
3.333279301382336
3.8104005561019987
3.5093705604380174
3.5093705604380174
1.8292617734613383
3.0902412526960417
3.157188042326655
1.7276151857855488
3.7134905430939424
3.0902412526960417
3.8104005561019987
3.333279301382336
3.9353392927102986
3.266332511751723
3.9353392927102986
4.412460547429961
3.412460547429961
2.7312193100543736
4.11143055176598
3.5093705604380174
3.5093705604380174
3.208340564774036
3.7134905430939424
1.8430866378149153
3.9353392927102986
2.4081391736473186
3.9353392927102986
3.4582180379906364
1.515383544220541
3.6343092970463173
3.6343092970463173
3.6343092970463173
2.981096783270974
3.9353392927102986
3.6343092970463173
3.8104005561019987
2.488181261368079
2.208340564774036
3.5093705604380174
4.11143055176598
4.11143055176598
4.11143055176598
4.11143055176598
1.7108925623740339
3.9353392927102986
3.9353392927102986
1.048660601950852
3.157188042326655
3.412460547429961
3.9353392927102986
3.9353392927102986
3.1337069464771323
3.9353392927102986
3.8104005561019987
3.9353392927102986
3.070037866607755
2.8104005561019987
3.0902412526960417
4.412460547429961
4.11143055176598
2.997487199459143
3.9353392927102986
3.412460547429961
3.8104005561019987
4.11143055176598
3.8104005561019987
3.412460547429961
3.371067862271736
3.8104005561019987
2.3593821039465412
3.5673625074157043
2.8939466075520732
4.11143055176598
4.11143055176598
3.23636928837428
2.573611456692706
4.11143055176598
4.11143055176598
4.11143055176598
4.11143055176598
4.11143055176598
4.11143055176598
4.11143055176598
3.6343092970463173
3.9353392927102986
4.11143055176598
3.9353392927102986
3.9353392927102986
3.7134905430939424
3.371067862271736
3.9353392927102986
3.8104005561019987
2.856158046662674
3.8104005561019987
3.7134905430939424
2.7690078709437733
3.6343092970463173
3.412460547429961
3.5673625074157043
3.8104005561019987
2.880981630387706
3.8104005561019987
3.8104005561019987
3.7134905430939424
3.5093705604380174
3.7134905430939424
4.11143055176598
3.182011626051687
3.182011626051687
3.5093705604380174
4.11143055176598
3.9353392927102986
3.9353392927102986
3.7134905430939424
4.11143055176598
3.5093705604380174
4.11143055176598
4.11143055176598
4.11143055176598
4.11143055176598
3.9353392927102986
3.9353392927102986
3.23636928837428
1.3722539198552501
4.11143055176598
3.9353392927102986
3.8104005561019987
3.9353392927102986
3.9353392927102986
4.11143055176598
4.11143055176598
3.8104005561019987
4.11143055176598
3.5673625074157043
2.113607471020255
3.7134905430939424
4.11143055176598
2.5612021987108857
4.11143055176598
3.0902412526960417
3.6343092970463173
3.8104005561019987
2.5799516347237246
3.9353392927102986
3.7134905430939424
3.9353392927102986
3.9353392927102986
4.11143055176598
3.5093705604380174
3.9353392927102986
4.11143055176598
4.11143055176598
3.7134905430939424
3.266332511751723
3.6343092970463173
3.6343092970463173
3.6343092970463173
3.6343092970463173
3.5673625074157043
3.9353392927102986
1.3521405187416762
3.157188042326655
3.6343092970463173
3.7134905430939424
3.9353392927102986
3.5093705604380174
3.5673625074157043
3.4582180379906364
3.7134905430939424
3.7134905430939424
3.9353392927102986
3.8104005561019987
3.7134905430939424
3.9353392927102986
3.9353392927102986
2.672097857935717
4.11143055176598
4.11143055176598
4.11143055176598
3.9353392927102986
3.070037866607755
3.9353392927102986
3.9353392927102986
3.9353392927102986
3.8104005561019987
4.412460547429961
4.412460547429961
4.412460547429961
4.412460547429961
4.412460547429961
3.9353392927102986
3.9353392927102986
3.9353392927102986
3.9353392927102986
3.9353392927102986
3.2985171951231242
3.8104005561019987
3.9353392927102986
3.5093705604380174
3.7134905430939424
3.4582180379906364
3.9353392927102986
3.9353392927102986
3.5093705604380174
4.412460547429961
3.8104005561019987
3.8104005561019987
3.8104005561019987
3.6343092970463173
2.8104005561019987
1.0931462433394492
1.1376102274132964
4.11143055176598
4.11143055176598
3.8104005561019987
4.11143055176598
4.412460547429961
4.412460547429961
4.412460547429961
4.412460547429961
4.412460547429961
4.412460547429961
4.11143055176598
3.7134905430939424
3.7134905430939424
3.7134905430939424
4.412460547429961
4.11143055176598
3.8104005561019987
3.266332511751723
3.032249305718355
3.7134905430939424
3.6343092970463173
3.1337069464771323
3.182011626051687
4.412460547429961
4.412460547429961
4.412460547429961
4.412460547429961
4.11143055176598
3.5673625074157043
4.11143055176598
4.412460547429961
3.5673625074157043
4.412460547429961
4.412460547429961
4.412460547429961
3.5093705604380174
3.6343092970463173
3.6343092970463173
4.11143055176598
3.9353392927102986
3.7134905430939424
3.070037866607755
4.11143055176598
4.11143055176598
4.11143055176598
4.11143055176598
3.6343092970463173
4.11143055176598
4.11143055176598
3.4582180379906364
4.11143055176598
3.182011626051687
3.5673625074157043
4.11143055176598
3.8104005561019987
4.11143055176598
4.11143055176598
4.11143055176598
3.9353392927102986
3.070037866607755
4.11143055176598
4.11143055176598
4.11143055176598
3.5093705604380174
4.11143055176598
4.11143055176598
4.11143055176598
3.371067862271736
4.11143055176598
4.11143055176598
3.1337069464771323
2.7789920918503745
4.11143055176598
4.11143055176598
4.412460547429961
3.2985171951231242
3.9353392927102986
4.412460547429961
3.2985171951231242
2.525969822257479
4.11143055176598
4.412460547429961
3.5093705604380174
4.11143055176598
3.333279301382336
4.11143055176598
4.11143055176598
4.11143055176598
3.6343092970463173
3.333279301382336
4.11143055176598
4.11143055176598
4.11143055176598
3.0145205387579233
4.11143055176598
3.9353392927102986
3.8104005561019987
3.9353392927102986
3.070037866607755
3.8104005561019987
3.5673625074157043
3.9353392927102986
3.6343092970463173
4.11143055176598
4.412460547429961
4.412460547429961
3.8104005561019987
4.412460547429961
4.412460547429961
3.8104005561019987
4.11143055176598
3.9353392927102986
4.11143055176598
1.9843257534011722
3.0902412526960417
3.8104005561019987
3.371067862271736
4.11143055176598
2.7789920918503745
3.333279301382336
3.8104005561019987
4.11143055176598
4.11143055176598
4.11143055176598
4.11143055176598
3.6343092970463173
4.11143055176598
4.11143055176598
3.208340564774036
4.11143055176598
4.11143055176598
3.9353392927102986
4.11143055176598
4.412460547429961
4.412460547429961
4.412460547429961
4.412460547429961
4.412460547429961
3.9353392927102986
4.412460547429961
4.11143055176598
3.4582180379906364
4.11143055176598
3.7134905430939424
4.11143055176598
3.9353392927102986
3.9353392927102986
3.7134905430939424
3.5673625074157043
3.8104005561019987
4.11143055176598
3.7134905430939424
3.412460547429961
3.9353392927102986
3.9353392927102986
3.9353392927102986
3.8104005561019987
4.11143055176598
3.7134905430939424
4.11143055176598
3.5673625074157043
4.11143055176598
3.9353392927102986
4.11143055176598
4.11143055176598
3.6343092970463173
4.11143055176598
3.8104005561019987
3.412460547429961
3.8104005561019987
3.6343092970463173
3.7134905430939424
3.9353392927102986
3.9353392927102986
4.11143055176598
3.7134905430939424
2.789211257032061
1.0035425265831814
3.8104005561019987
3.9353392927102986
3.9353392927102986
3.6343092970463173
3.8104005561019987
4.11143055176598
3.182011626051687
3.7134905430939424
4.11143055176598
4.11143055176598
3.5673625074157043
3.9353392927102986
3.157188042326655
3.9353392927102986
3.6343092970463173
3.6343092970463173
3.5093705604380174
3.8104005561019987
4.412460547429961
3.23636928837428
4.412460547429961
3.9353392927102986
3.9353392927102986
3.8104005561019987
4.412460547429961
2.5673625074157043
4.412460547429961
4.412460547429961
3.9353392927102986
4.412460547429961
2.821395940403462
2.048848567537817
3.8104005561019987
3.8104005561019987
4.11143055176598
4.11143055176598
3.5093705604380174
3.5673625074157043
4.11143055176598
4.412460547429961
4.412460547429961
4.412460547429961
2.2601722030469045
4.412460547429961
4.412460547429961
4.412460547429961
4.412460547429961
4.11143055176598
4.412460547429961
3.23636928837428
3.8104005561019987
4.11143055176598
4.11143055176598
3.7134905430939424
3.8104005561019987
3.9353392927102986
3.9353392927102986
4.412460547429961
3.5673625074157043
2.53164695514917
3.9353392927102986
3.9353392927102986
3.8104005561019987
4.412460547429961
2.0526250650900733
4.412460547429961
4.412460547429961
4.412460547429961
3.7134905430939424
3.7134905430939424
4.412460547429961
4.412460547429961
4.412460547429961
3.5673625074157043
3.9353392927102986
3.6343092970463173
4.11143055176598
2.7789920918503745
4.412460547429961
4.11143055176598
4.11143055176598
4.412460547429961
4.412460547429961
4.412460547429961
4.412460547429961
4.412460547429961
4.412460547429961
4.412460547429961
4.412460547429961
3.9353392927102986
3.5673625074157043
4.412460547429961
3.8104005561019987
4.11143055176598
4.11143055176598
4.11143055176598
3.6343092970463173
4.11143055176598
4.412460547429961
4.412460547429961
4.412460547429961
3.157188042326655
3.5673625074157043
4.412460547429961
4.412460547429961
4.412460547429961
4.412460547429961
4.412460547429961
4.11143055176598
4.11143055176598
4.11143055176598
4.412460547429961
4.412460547429961
3.9353392927102986
3.5673625074157043
4.412460547429961
3.5673625074157043
3.8104005561019987
3.157188042326655
4.11143055176598
3.157188042326655
3.7134905430939424
4.11143055176598
3.333279301382336
4.11143055176598
3.266332511751723
3.371067862271736
3.7134905430939424
4.11143055176598
4.11143055176598
4.11143055176598
4.11143055176598
3.8104005561019987
3.9353392927102986
4.11143055176598
3.9353392927102986
4.11143055176598
4.412460547429961
4.412460547429961
4.412460547429961
4.412460547429961
4.11143055176598
3.9353392927102986
3.412460547429961
4.11143055176598
4.412460547429961
4.412460547429961
3.8104005561019987
4.412460547429961
4.412460547429961
4.11143055176598
4.11143055176598
4.11143055176598
4.11143055176598
4.11143055176598
4.11143055176598
2.08204677408077
4.11143055176598
4.412460547429961
4.412460547429961
4.412460547429961
3.8104005561019987
3.8104005561019987
3.8104005561019987
3.412460547429961
4.412460547429961
4.412460547429961
4.412460547429961
4.11143055176598
4.11143055176598
4.11143055176598
4.412460547429961
4.11143055176598
4.412460547429961
4.412460547429961
3.070037866607755
4.412460547429961
4.412460547429961
4.412460547429961
1.2889355664872293
3.266332511751723
3.9353392927102986
3.0145205387579233
2.832676950813151
4.412460547429961
4.412460547429961
3.9353392927102986
3.9353392927102986
3.6343092970463173
3.6343092970463173
3.9353392927102986
3.8104005561019987
3.9353392927102986
3.157188042326655
3.9353392927102986
3.9353392927102986
3.9353392927102986
3.9353392927102986
3.9353392927102986
3.7134905430939424
4.11143055176598
4.11143055176598
4.11143055176598
3.9353392927102986
3.0902412526960417
3.9353392927102986
3.9353392927102986
3.6343092970463173
3.412460547429961
2.832676950813151
3.9353392927102986
2.2725814610287247
3.9353392927102986
4.412460547429961
4.412460547429961
1.6697354161252629
4.412460547429961
3.4582180379906364
4.412460547429961
3.157188042326655
3.9353392927102986
4.11143055176598
4.412460547429961
4.412460547429961
4.412460547429961
4.412460547429961
3.9353392927102986
4.412460547429961
4.11143055176598
4.11143055176598
4.11143055176598
4.11143055176598
4.11143055176598
4.412460547429961
3.9353392927102986
4.11143055176598
4.11143055176598
3.6343092970463173
3.7134905430939424
3.9353392927102986
4.412460547429961
4.11143055176598
3.6343092970463173
4.412460547429961
4.412460547429961
4.412460547429961
4.412460547429961
4.412460547429961
4.412460547429961
4.412460547429961
2.8683925030796855
4.11143055176598
4.11143055176598
4.11143055176598
3.8104005561019987
3.9353392927102986
3.8104005561019987
3.1337069464771323
3.0902412526960417
4.11143055176598
3.412460547429961
3.6343092970463173
3.050732711412368
4.412460547429961
3.9353392927102986
3.9353392927102986
4.11143055176598
4.412460547429961
4.412460547429961
4.412460547429961
4.412460547429961
4.412460547429961
3.23636928837428
2.6062805734460737
4.412460547429961
4.412460547429961
4.11143055176598
4.412460547429961
3.9353392927102986
3.8104005561019987
3.8104005561019987
4.412460547429961
4.412460547429961
4.11143055176598
4.412460547429961
4.412460547429961
4.412460547429961
4.412460547429961
2.4439775988760264
4.11143055176598
4.11143055176598
4.11143055176598
4.11143055176598
3.9353392927102986
3.8104005561019987
3.8104005561019987
3.050732711412368
4.412460547429961
4.412460547429961
4.412460547429961
4.412460547429961
4.11143055176598
4.11143055176598
4.11143055176598
4.412460547429961
2.649032553867024
4.11143055176598
4.11143055176598
4.412460547429961
3.9353392927102986
3.8104005561019987
4.412460547429961
3.2985171951231242
4.11143055176598
1.522598826171773
4.11143055176598
3.8104005561019987
4.11143055176598
4.11143055176598
4.412460547429961
3.371067862271736
3.5673625074157043
3.7134905430939424
3.9353392927102986
3.9353392927102986
3.9353392927102986
4.412460547429961
3.8104005561019987
3.333279301382336
3.8104005561019987
4.11143055176598
4.11143055176598
4.11143055176598
4.11143055176598
4.11143055176598
4.412460547429961
3.9353392927102986
4.11143055176598
2.8104005561019987
3.9353392927102986
4.412460547429961
4.412460547429961
4.412460547429961
4.412460547429961
4.412460547429961
4.412460547429961
4.11143055176598
4.11143055176598
3.8104005561019987
4.412460547429961
4.412460547429961
4.412460547429961
3.8104005561019987
4.11143055176598
4.11143055176598
4.412460547429961
4.412460547429961
4.11143055176598
4.412460547429961
3.9353392927102986
4.412460547429961
3.8104005561019987
4.412460547429961
3.7134905430939424
4.11143055176598
3.182011626051687
4.11143055176598
4.11143055176598
4.11143055176598
4.11143055176598
3.8104005561019987
4.11143055176598
4.11143055176598
4.11143055176598
2.399623322724789
4.412460547429961
3.7134905430939424
4.11143055176598
1.1559833411882847
4.412460547429961
4.412460547429961
4.412460547429961
4.11143055176598
4.412460547429961
3.8104005561019987
4.412460547429961
4.11143055176598
4.412460547429961
4.412460547429961
4.412460547429961
4.412460547429961
3.208340564774036
4.412460547429961
2.8939466075520732
4.412460547429961
4.11143055176598
3.9353392927102986
3.9353392927102986
3.7134905430939424
3.9353392927102986
3.6343092970463173
3.9353392927102986
4.412460547429961
4.412460547429961
3.9353392927102986
4.11143055176598
4.412460547429961
3.182011626051687
4.11143055176598
4.11143055176598
3.9353392927102986
3.412460547429961
3.371067862271736
4.11143055176598
3.8104005561019987
3.4582180379906364
3.5093705604380174
4.11143055176598
4.11143055176598
3.7134905430939424
3.8104005561019987
3.6343092970463173
4.11143055176598
3.8104005561019987
3.266332511751723
3.9353392927102986
4.11143055176598
4.11143055176598
3.9353392927102986
3.6343092970463173
4.11143055176598
4.412460547429961
4.412460547429961
4.412460547429961
4.412460547429961
4.11143055176598
4.412460547429961
4.412460547429961
4.412460547429961
3.2985171951231242
3.6343092970463173
4.11143055176598
1.7699960271878399
1.8395889452294811
3.412460547429961
4.412460547429961
4.412460547429961
4.412460547429961
3.9353392927102986
4.412460547429961
4.412460547429961
3.9353392927102986
4.11143055176598
4.412460547429961
3.8104005561019987
4.412460547429961
3.9353392927102986
2.1202044760734853
4.11143055176598
2.997487199459143
4.412460547429961
4.412460547429961
2.194976603216055
4.412460547429961
4.412460547429961
4.412460547429961
4.412460547429961
4.412460547429961
4.412460547429961
2.997487199459143
3.6343092970463173
4.412460547429961
4.11143055176598
4.412460547429961
2.7690078709437733
4.412460547429961
4.11143055176598
3.8104005561019987
4.11143055176598
3.2985171951231242
4.11143055176598
4.11143055176598
3.9353392927102986
1.4472588464040492
4.412460547429961
3.8104005561019987
2.3405785401238357
3.7134905430939424
4.11143055176598
4.412460547429961
4.412460547429961
3.9353392927102986
4.412460547429961
4.11143055176598
3.412460547429961
4.412460547429961
3.9353392927102986
3.9353392927102986
4.412460547429961
4.412460547429961
4.412460547429961
4.412460547429961
4.412460547429961
4.412460547429961
4.11143055176598
4.11143055176598
4.11143055176598
4.412460547429961
4.11143055176598
4.11143055176598
4.11143055176598
3.7134905430939424
4.11143055176598
4.11143055176598
3.9353392927102986
1.3966817910409204
3.6343092970463173
4.11143055176598
3.9353392927102986
3.7134905430939424
4.11143055176598
3.7134905430939424
2.7592480336546172
4.11143055176598
4.11143055176598
4.412460547429961
4.412460547429961
4.412460547429961
4.412460547429961
3.7134905430939424
4.11143055176598
4.11143055176598
4.11143055176598
4.412460547429961
4.412460547429961
4.412460547429961
4.11143055176598
3.6343092970463173
4.11143055176598
4.11143055176598
4.11143055176598
3.4582180379906364
4.412460547429961
4.412460547429961
4.412460547429961
4.412460547429961
4.412460547429961
4.412460547429961
1.798618725553892
4.11143055176598
3.9353392927102986
3.1337069464771323
3.412460547429961
4.11143055176598
2.5612021987108857
4.412460547429961
3.8104005561019987
4.412460547429961
2.1092644900094726
2.997487199459143
4.11143055176598
4.412460547429961
3.9353392927102986
3.9353392927102986
3.6343092970463173
4.11143055176598
4.11143055176598
4.412460547429961
4.412460547429961
4.412460547429961
4.412460547429961
3.8104005561019987
3.7134905430939424
4.412460547429961
4.412460547429961
3.6343092970463173
4.412460547429961
4.412460547429961
4.412460547429961
4.11143055176598
3.9353392927102986
3.7134905430939424
4.11143055176598
3.8104005561019987
3.8104005561019987
3.8104005561019987
4.412460547429961
3.7134905430939424
4.412460547429961
3.8104005561019987
3.8104005561019987
4.412460547429961
3.7134905430939424
4.412460547429961
4.412460547429961
3.371067862271736
4.412460547429961
3.9353392927102986
4.412460547429961
3.23636928837428
4.412460547429961
3.5673625074157043
3.6343092970463173
2.641608535787817
2.856158046662674
3.0902412526960417
2.041392685158225
4.412460547429961
4.412460547429961
4.11143055176598
4.11143055176598
2.4081391736473186
3.9353392927102986
4.412460547429961
4.412460547429961
4.412460547429961
4.412460547429961
3.5093705604380174
4.412460547429961
4.11143055176598
4.412460547429961
4.412460547429961
4.412460547429961
3.9353392927102986
3.8104005561019987
4.412460547429961
3.333279301382336
4.412460547429961
4.412460547429961
2.880981630387706
4.412460547429961
3.7134905430939424
4.412460547429961
4.11143055176598
4.11143055176598
4.412460547429961
4.412460547429961
4.412460547429961
4.412460547429961
4.412460547429961
4.412460547429961
3.8104005561019987
3.6343092970463173
4.412460547429961
4.412460547429961
4.412460547429961
4.412460547429961
4.412460547429961
4.11143055176598
4.412460547429961
3.8104005561019987
4.412460547429961
4.11143055176598
4.11143055176598
4.412460547429961
4.412460547429961
4.412460547429961
4.11143055176598
4.11143055176598
3.9353392927102986
4.11143055176598
4.11143055176598
4.412460547429961
4.412460547429961
4.412460547429961
3.4582180379906364
4.412460547429961
3.7134905430939424
4.412460547429961
4.412460547429961
4.412460547429961
2.179464437037807
3.6343092970463173
4.412460547429961
4.412460547429961
4.412460547429961
4.412460547429961
4.412460547429961
3.371067862271736
3.371067862271736
4.412460547429961
4.11143055176598
2.9210988535956885
3.8104005561019987
4.412460547429961
4.412460547429961
4.412460547429961
4.412460547429961
4.412460547429961
4.412460547429961
4.412460547429961
4.412460547429961
4.412460547429961
4.412460547429961
4.412460547429961
3.2985171951231242
1.956094514300918
3.0902412526960417
4.412460547429961
4.412460547429961
4.412460547429961
4.412460547429961
4.412460547429961
4.412460547429961
4.412460547429961
4.11143055176598
4.412460547429961
4.11143055176598
4.412460547429961
3.6343092970463173
4.412460547429961
4.412460547429961
4.412460547429961
4.412460547429961
4.11143055176598
4.11143055176598
4.11143055176598
4.412460547429961
3.8104005561019987
3.8104005561019987
4.412460547429961
4.412460547429961
4.412460547429961
3.7134905430939424
3.7134905430939424
2.7134905430939424
4.412460547429961
3.7134905430939424
4.412460547429961
3.5093705604380174
4.412460547429961
4.412460547429961
4.412460547429961
4.11143055176598
4.412460547429961
4.412460547429961
4.412460547429961
4.412460547429961
4.11143055176598
4.11143055176598
4.11143055176598
3.9353392927102986
3.266332511751723
4.412460547429961
4.11143055176598
4.412460547429961
4.412460547429961
3.8104005561019987
4.11143055176598
3.6343092970463173
4.11143055176598
3.4582180379906364
2.0943972124671992
4.412460547429961
4.11143055176598
4.412460547429961
3.6343092970463173
4.412460547429961
4.412460547429961
4.412460547429961
3.4582180379906364
4.412460547429961
3.6343092970463173
4.412460547429961
4.412460547429961
3.2985171951231242
4.412460547429961
4.412460547429961
3.5673625074157043
4.412460547429961
4.412460547429961
4.11143055176598
4.11143055176598
4.11143055176598
4.11143055176598
3.9353392927102986
3.9353392927102986
4.412460547429961
4.412460547429961
4.412460547429961
4.412460547429961
4.11143055176598
4.11143055176598
4.412460547429961
4.412460547429961
2.9210988535956885
4.412460547429961
3.6343092970463173
4.412460547429961
4.11143055176598
3.8104005561019987
4.11143055176598
4.11143055176598
4.11143055176598
4.412460547429961
4.412460547429961
3.9353392927102986
4.11143055176598
3.7134905430939424
3.9353392927102986
4.412460547429961
4.412460547429961
4.412460547429961
4.412460547429961
4.412460547429961
4.412460547429961
4.11143055176598
3.9353392927102986
4.11143055176598
4.11143055176598
3.8104005561019987
3.5673625074157043
4.11143055176598
4.11143055176598
3.7134905430939424
4.11143055176598
2.4582180379906364
4.11143055176598
4.11143055176598
4.11143055176598
4.11143055176598
4.412460547429961
4.412460547429961
4.412460547429961
4.412460547429961
4.11143055176598
4.11143055176598
4.11143055176598
4.11143055176598
4.11143055176598
3.9353392927102986
4.11143055176598
3.0902412526960417
4.11143055176598
4.11143055176598
4.11143055176598
4.412460547429961
4.11143055176598
4.11143055176598
4.11143055176598
3.8104005561019987
3.7134905430939424
4.412460547429961
4.412460547429961
3.7134905430939424
4.11143055176598
4.11143055176598
4.11143055176598
4.11143055176598
3.5093705604380174
4.11143055176598
4.412460547429961
4.412460547429961
4.412460547429961
4.412460547429961
4.412460547429961
1.641608535787817
3.333279301382336
3.7134905430939424
4.412460547429961
4.412460547429961
4.412460547429961
4.412460547429961
4.412460547429961
4.412460547429961
4.412460547429961
4.412460547429961
4.412460547429961
4.412460547429961
4.412460547429961
2.573611456692706
4.11143055176598
4.412460547429961
4.412460547429961
4.412460547429961
4.412460547429961
4.412460547429961
4.412460547429961
4.412460547429961
4.412460547429961
4.412460547429961
4.412460547429961
4.412460547429961
3.9353392927102986
4.412460547429961
4.412460547429961
4.11143055176598
4.412460547429961
4.412460547429961
4.412460547429961
4.412460547429961
4.412460547429961
4.412460547429961
4.412460547429961
4.11143055176598
4.412460547429961
4.412460547429961
4.412460547429961
4.412460547429961
3.9353392927102986
4.412460547429961
4.412460547429961
4.412460547429961
4.412460547429961
3.9353392927102986
4.412460547429961
4.412460547429961
4.412460547429961
4.412460547429961
3.371067862271736
4.412460547429961
4.412460547429961
4.412460547429961
4.412460547429961
4.412460547429961
4.412460547429961
4.412460547429961
4.412460547429961
4.412460547429961
4.412460547429961
4.412460547429961
4.412460547429961
4.412460547429961
4.412460547429961
2.8939466075520732
4.412460547429961
4.412460547429961
4.412460547429961
4.412460547429961
4.412460547429961
4.412460547429961
4.412460547429961
3.8104005561019987
4.11143055176598
4.11143055176598
4.412460547429961
3.8104005561019987
4.412460547429961
4.412460547429961
4.412460547429961
4.11143055176598
3.7134905430939424
3.266332511751723
4.11143055176598
4.11143055176598
4.11143055176598
4.11143055176598
4.412460547429961
4.11143055176598
4.11143055176598
4.11143055176598
4.11143055176598
3.9353392927102986
4.11143055176598
4.11143055176598
3.333279301382336
4.11143055176598
4.11143055176598
3.266332511751723
3.9353392927102986
4.11143055176598
4.11143055176598
4.11143055176598
4.11143055176598
3.9353392927102986
4.11143055176598
4.11143055176598
4.11143055176598
4.412460547429961
4.412460547429961
4.11143055176598
3.9353392927102986
4.11143055176598
4.412460547429961
4.412460547429961
4.412460547429961
4.11143055176598
4.11143055176598
4.11143055176598
3.9353392927102986
3.9353392927102986
3.9353392927102986
3.8104005561019987
1.7450075945400072
3.7134905430939424
3.9353392927102986
3.7134905430939424
3.4582180379906364
3.9353392927102986
3.7134905430939424
3.9353392927102986
3.9353392927102986
3.6343092970463173
4.412460547429961
4.412460547429961
4.412460547429961
4.412460547429961
4.412460547429961
4.412460547429961
4.11143055176598
3.8104005561019987
4.412460547429961
4.412460547429961
3.9353392927102986
3.9353392927102986
3.9353392927102986
3.9353392927102986
3.9353392927102986
3.9353392927102986
3.9353392927102986
3.9353392927102986
3.9353392927102986
3.9353392927102986
3.6343092970463173
3.5093705604380174
3.7134905430939424
3.9353392927102986
3.9353392927102986
3.9353392927102986
3.9353392927102986
3.9353392927102986
3.9353392927102986
3.9353392927102986
4.412460547429961
4.412460547429961
4.412460547429961
4.412460547429961
3.9353392927102986
3.9353392927102986
3.9353392927102986
2.8683925030796855
3.5093705604380174
3.9353392927102986
3.9353392927102986
3.9353392927102986
3.7134905430939424
3.9353392927102986
3.9353392927102986
3.9353392927102986
3.9353392927102986
3.9353392927102986
3.9353392927102986
3.9353392927102986
3.9353392927102986
3.9353392927102986
4.412460547429961
4.11143055176598
3.8104005561019987
4.412460547429961
4.412460547429961
4.412460547429961
3.333279301382336
4.412460547429961
4.412460547429961
4.412460547429961
4.11143055176598
3.8104005561019987
4.11143055176598
4.11143055176598
4.11143055176598
4.11143055176598
4.11143055176598
4.11143055176598
4.11143055176598
4.412460547429961
4.412460547429961
4.412460547429961
4.412460547429961
3.9353392927102986
3.9353392927102986
3.9353392927102986
3.6343092970463173
4.11143055176598
4.11143055176598
3.371067862271736
4.11143055176598
3.9353392927102986
3.9353392927102986
3.9353392927102986
4.412460547429961
4.412460547429961
4.412460547429961
4.412460547429961
4.11143055176598
4.11143055176598
4.11143055176598
4.11143055176598
4.11143055176598
4.11143055176598
4.11143055176598
4.11143055176598
4.11143055176598
4.11143055176598
4.412460547429961
4.412460547429961
4.412460547429961
3.9353392927102986
4.412460547429961
4.412460547429961
4.412460547429961
4.412460547429961
4.412460547429961
4.412460547429961
4.412460547429961
4.412460547429961
4.412460547429961
4.412460547429961
4.11143055176598
4.412460547429961
4.412460547429961
4.412460547429961
4.412460547429961
4.412460547429961
2.7789920918503745
4.412460547429961
4.412460547429961
3.8104005561019987
4.412460547429961
4.11143055176598
4.412460547429961
4.11143055176598
4.412460547429961
4.412460547429961
4.412460547429961
2.9500625495310056
4.412460547429961
4.412460547429961
4.412460547429961
3.6343092970463173
2.2029455328873304
4.412460547429961
4.412460547429961
4.412460547429961
3.9353392927102986
4.412460547429961
4.412460547429961
4.412460547429961
4.412460547429961
4.11143055176598
4.412460547429961
4.412460547429961
4.412460547429961
4.412460547429961
4.412460547429961
3.8104005561019987
4.412460547429961
3.5673625074157043
4.412460547429961
4.11143055176598
1.3536550607540545
4.412460547429961
4.412460547429961
4.412460547429961
4.412460547429961
4.412460547429961
4.412460547429961
4.412460547429961
2.6964572037951617
4.412460547429961
3.412460547429961
2.6964572037951617
4.412460547429961
4.412460547429961
4.412460547429961
3.9353392927102986
4.412460547429961
4.412460547429961
4.412460547429961
4.412460547429961
4.412460547429961
4.412460547429961
4.412460547429961
4.412460547429961
4.412460547429961
4.412460547429961
4.412460547429961
4.11143055176598
3.9353392927102986
4.11143055176598
4.11143055176598
4.11143055176598
4.412460547429961
1.661181443446619
4.412460547429961
4.412460547429961
3.0902412526960417
4.412460547429961
4.412460547429961
4.412460547429961
4.412460547429961
4.412460547429961
4.412460547429961
4.11143055176598
3.8104005561019987
4.11143055176598
4.11143055176598
4.11143055176598
4.412460547429961
4.412460547429961
4.412460547429961
4.412460547429961
4.412460547429961
4.412460547429961
4.412460547429961
4.412460547429961
4.412460547429961
4.412460547429961
4.412460547429961
2.7592480336546172
4.412460547429961
4.412460547429961
4.412460547429961
4.412460547429961
4.412460547429961
4.412460547429961
4.412460547429961
4.412460547429961
4.412460547429961
4.412460547429961
4.412460547429961
4.412460547429961
4.412460547429961
4.412460547429961
4.412460547429961
4.11143055176598
4.11143055176598
4.11143055176598
4.11143055176598
4.11143055176598
4.412460547429961
4.412460547429961
3.7134905430939424
4.412460547429961
4.412460547429961
4.412460547429961
4.11143055176598
4.412460547429961
2.9210988535956885
4.412460547429961
3.7134905430939424
4.412460547429961
4.412460547429961
4.412460547429961
3.7134905430939424
4.412460547429961
4.412460547429961
4.412460547429961
4.412460547429961
4.11143055176598
4.412460547429961
4.412460547429961
4.412460547429961
4.412460547429961
4.412460547429961
4.412460547429961
4.412460547429961
4.412460547429961
4.412460547429961
4.412460547429961
4.412460547429961
4.412460547429961
4.412460547429961
4.412460547429961
4.412460547429961
4.412460547429961
4.412460547429961
4.412460547429961
1.29452671239032
4.412460547429961
4.412460547429961
4.412460547429961
4.412460547429961
4.412460547429961
4.412460547429961
4.412460547429961
3.7134905430939424
4.412460547429961
4.412460547429961
4.412460547429961
3.9353392927102986
4.11143055176598
4.412460547429961
4.412460547429961
3.8104005561019987
3.6343092970463173
3.0902412526960417
4.11143055176598
1.325389341523426
3.2985171951231242
3.5093705604380174
3.9353392927102986
3.9353392927102986
2.2571245099648993
3.7134905430939424
3.266332511751723
4.11143055176598
3.6343092970463173
3.6343092970463173
3.7134905430939424
3.9353392927102986
4.11143055176598
3.5673625074157043
3.9353392927102986
2.9653025160877418
3.8104005561019987
3.9353392927102986
4.412460547429961
3.6343092970463173
3.7134905430939424
3.8104005561019987
4.412460547429961
4.412460547429961
2.224939826593498
4.412460547429961
3.8104005561019987
3.9353392927102986
3.9353392927102986
4.11143055176598
3.9353392927102986
1.1431811576580628
3.9353392927102986
3.9353392927102986
3.9353392927102986
3.8104005561019987
3.8104005561019987
2.856158046662674
3.6343092970463173
3.8104005561019987
3.6343092970463173
4.11143055176598
4.11143055176598
3.9353392927102986
4.11143055176598
4.11143055176598
2.9353392927102986
4.11143055176598
2.2193359490754996
4.412460547429961
4.11143055176598
3.266332511751723
3.6343092970463173
3.9353392927102986
3.182011626051687
4.412460547429961
4.11143055176598
3.266332511751723
4.412460547429961
4.11143055176598
4.412460547429961
3.7134905430939424
4.412460547429961
3.8104005561019987
4.412460547429961
4.412460547429961
4.412460547429961
4.412460547429961
3.9353392927102986
4.11143055176598
4.412460547429961
4.412460547429961
4.412460547429961
3.9353392927102986
4.412460547429961
4.11143055176598
4.412460547429961
4.11143055176598
4.11143055176598
4.11143055176598
4.11143055176598
4.11143055176598
4.412460547429961
4.412460547429961
4.11143055176598
4.412460547429961
4.412460547429961
3.9353392927102986
3.9353392927102986
3.9353392927102986
4.412460547429961
4.412460547429961
4.412460547429961
3.23636928837428
3.2985171951231242
2.997487199459143
1.9908566205601301
3.9353392927102986
2.520365944739481
4.11143055176598
2.4830416217156683
3.8104005561019987
2.7312193100543736
3.208340564774036
3.9353392927102986
3.182011626051687
3.23636928837428
3.9353392927102986
2.9210988535956885
3.8104005561019987
3.4582180379906364
3.412460547429961
3.9353392927102986
4.11143055176598
3.8104005561019987
3.157188042326655
3.5673625074157043
3.6343092970463173
4.11143055176598
2.4486727200844056
3.050732711412368
4.11143055176598
3.2985171951231242
2.251092545194986
3.333279301382336
3.7134905430939424
3.050732711412368
3.412460547429961
3.9353392927102986
3.9353392927102986
3.050732711412368
3.5093705604380174
3.5673625074157043
4.11143055176598
3.9353392927102986
3.6343092970463173
3.9353392927102986
3.5093705604380174
3.5673625074157043
3.412460547429961
3.6343092970463173
3.371067862271736
2.1669478796158117
4.11143055176598
3.7134905430939424
4.11143055176598
4.11143055176598
4.412460547429961
4.11143055176598
3.8104005561019987
3.5673625074157043
3.9353392927102986
3.8104005561019987
4.11143055176598
4.412460547429961
4.412460547429961
3.6343092970463173
4.11143055176598
4.412460547429961
4.11143055176598
4.11143055176598
4.412460547429961
3.9353392927102986
3.9353392927102986
3.9353392927102986
4.412460547429961
4.412460547429961
3.4582180379906364
4.412460547429961
3.8104005561019987
4.11143055176598
4.412460547429961
3.7134905430939424
3.9353392927102986
4.412460547429961
4.11143055176598
3.5673625074157043
3.6343092970463173
4.11143055176598
4.412460547429961
4.412460547429961
4.11143055176598
2.981096783270974
4.11143055176598
4.11143055176598
3.8104005561019987
4.412460547429961
4.412460547429961
3.9353392927102986
4.412460547429961
4.412460547429961
4.11143055176598
3.9353392927102986
3.9353392927102986
4.412460547429961
3.9353392927102986
3.9353392927102986
3.9353392927102986
4.11143055176598
4.412460547429961
4.412460547429961
4.412460547429961
4.11143055176598
2.9210988535956885
4.412460547429961
4.11143055176598
3.9353392927102986
3.5093705604380174
2.8939466075520732
3.371067862271736
3.8104005561019987
4.412460547429961
4.412460547429961