0.31802247078378204
0.2927900619470367
0.3117397583075575
0.2933855836070542
0.29540168859940474
0.30941150972589054
0.2828732978183569
0.27958453974611586
0.2619485285494331
0.28984411593654924
0.2629983647972794
0.2670751968299015
0.32659335198695405
0.3008308068161968
0.2713509333796274
0.315398350112342
0.28657020182529275
0.27408189829257623
0.2732099075578658
0.32433516701905374
0.3126458888013153
0.3140481713761477
0.36438828917386507
0.3001785272457324
0.30273273942237955
0.28816953815991725
0.30273273942237955
0.30038391943866904
0.29461739183973834
0.3079715514862072
0.29871595603600404
0.2851924171981747
0.2733839335661466
0.2560807448329238
0.28233388798275555
0.268835943670565
0.2574809376830501
0.2730632041357527
0.28163821185185206
0.27823632623471695
0.27527898628881947
0.31069879283735613
0.2878268407920873
0.30273273942237955
0.278255719948687
0.30930498161834724
0.30055023999079117
0.29857165555697707
0.3304584870066733
0.2899490141644728
0.2647511797703019
0.32026113780589327
0.2839342094863363
0.30326076851335837
0.28411159588934237
0.3409668207648141
0.2778505424680403
0.27474019439182357
0.3069088815272986
0.28071171288405344
0.2943318498158073
0.27706314722359804
0.3000151813800272
0.3006460534769907
0.28520262375569916
0.29697028574699025
0.31451054871052314
0.2987300121202267
0.2786900473276901
0.34812100540474006
0.27900233507928623
0.301043079874257
0.27567204708349363
0.3001676864948397
0.32254638262127605
0.38187669068356483
0.2677077441949811
0.29219428212342
0.2860378606696459
0.2856607881221816
0.30055023999079117
0.2770631932080403
0.3107997167193737
0.30606383399755466
0.2930541044740853
0.26241455227131777
0.26270294804853594
0.3035448207888088
0.3030029997822355
0.3182582433282087
0.3001062266851331
0.28657020182529275
0.2990722403256513
0.35070857629607505
0.32456478048424914
0.3425988542562944
0.3029552963042804
0.30351608999871715
0.26767896419162296
0.27866796072105127
0.31459172350325904
0.2843203059007727
0.2787595305207106
0.2949663520754612
0.29661600927256926
0.2693686402069914
0.26538013193333554
0.302648141454605
0.27384737159519495
0.2516925977957497
0.26633155298373834
0.2762016285186872
0.31276166020408885
0.2854128718474368
0.2719733604061142
0.28682990447633877
0.3103579145002569
0.28255179555066295
0.26576226501556705
0.32949119735250565
0.324151383909403
0.35218911710051104
0.35178292634872665
0.28465872451472773
0.3849737969758141
0.27814399485134383
0.3179329313300266
0.39385395065070966
0.30165693346340056
0.289250334988662
0.3001235593735802
0.28741308464666576
0.3692857387916872
0.27196677142368314
0.3186341089337959
0.2645507182658493
0.32789893930703345
0.2697849782417211
0.28329746524095856
0.2812061927389311
0.29078498016059395
0.26369609025756957
0.27823595312722676
0.28185409660654576
0.28514921186767744
0.3177846591458466
0.24837546044972048
0.2834745228506299
0.27310258587840347
0.26442480956454356
0.3047271663260958
0.2875687191722493
0.3180723146260914
0.37535384799072385
0.30826000049222707
0.3003425029730703
0.2878816022188408
0.3138264309902678
0.29269918442005305
0.29533954559088393
0.2738684314595928
0.26416307396642924
0.2829069867427722
0.2730220353241753
0.29060830685169525
0.3181442671130042
0.30151037490012933
0.2784785358974538
0.35246210435362296
0.2905648231812541
0.3100279522083224
0.2846278231395586
0.320547813466695
0.2850650685475874
0.3332344703344905
0.3123598720169893
0.29565167226037836
0.35230797186275653
0.3470808868391032
0.2680214246547532
0.2541042429954014
0.2640538371871258
0.2712188135519211
0.269235305115285
0.32528569562849385
0.24427001803863707
0.2965366659150895
0.2967171043311452
0.2947764333464246
0.29553990413284903
0.31846651846641255
0.300199886550892
0.30945580532869094
0.2964032857311078
0.30457779000986945
0.2760716436148628
0.3092494853526904
0.2567055098043052
0.32044190410387924
0.3003716915648437
0.3021092779872379
0.316636740686439
0.3081373592878626
0.28502362970671224
0.2897531764084639
0.32061404852273495
0.29330082272173413
0.35818824725403964
0.30385542709333135
0.28921529403164714
0.30026298326256795
0.3325343233331395
0.31367115583197014
0.3405249610682564
0.3021645337473943
0.2738321149527142
0.29883126944153743
0.2568507469723064
0.3905348225320131
0.2506730633731524
0.28432258036173763
0.2501768269629502
0.28977702496174385
0.37800385797310826
0.3199059473680546
0.31857748668266067
0.2691874248527874
0.3111217968960131
0.32666802313435883
0.29262619506277016
0.3138264309902678
0.31179847211002854
0.3143412832315157
0.32794190480201624
0.2892807577678199
0.27085390067574416
0.2838615921153031
0.29753728677921426
0.34052525675207396
0.29623816920340235
0.26538013193333554
0.302648141454605
0.321672900369854
0.27384737159519495
0.28775806573123536
0.3030001961288981
0.3356508630677633
0.23912525874137408
0.30848269882523033
0.2516925977957497
0.3005390373847612
0.304714728304704
0.3119601941264547
0.30192486296266663
0.24955088446451262
0.29574041728138345
0.27668340825575777
0.2872482733166816
0.30760560683743066
0.2615016020899218
0.26855477809591927
0.24602188571420555
0.2618494489311286
0.27246851781505044
0.26963397507020653
0.32905615006138156
0.32358225259810536
0.2719733604061142
0.27989737147543203
0.30884441422221015
0.28682990447633877
0.2659624550134546
0.24472900782704948
0.3977922515705626
0.29707028998573753
0.28613303194870093
0.27567846008739083
0.28255179555066295
0.36901349242598935
0.2987312428605915
0.3102107055961857
0.23718637824656127
0.32949119735250565
0.2926315250711052
0.2975734164544263
0.2674202206012044
0.36363277291916796
0.2606325931016932
0.2835326439238249
0.27214406072304403
0.26259820147480034
0.28322276235560345
0.2599056922750675
0.4287975431524164
0.3849737969758141
0.31454341625752186
0.3047851980572829
0.3061351614097652
0.27756724687441825
0.31054721090067217
0.31243863523751925
0.32052301596233773
0.2784508654116323
0.2590860891591339
0.28169458850228
0.28268261183643006
0.31149559277563604
0.266456793235422
0.3179329313300266
0.39385395065070966
0.28848461483585586
0.3254565712417171
0.30165693346340056
0.289250334988662
0.25148127771598966
0.32846765432667613
0.3030769557105777
0.2755327405074944
0.29759384875643763
0.28990600750250756
0.34885529652051345
0.29539901008556946
0.3035460018227601
0.34639117612541925
0.3692857387916872
0.2983199914127341
0.27196677142368314
0.2980858155037541
0.3069690976296854
0.2645507182658493
0.27454183357966055
0.25656749758583625
0.27454183357966055
0.27906685547792337
0.33421854263237044
0.3869795254584328
0.3121296283962927
0.3121296283962927
0.2962857291485121
0.3612292030614907
0.2877606472634011
0.30363094608686225
0.27752271876542783
0.27752271876542783
0.3451906647185811
0.31069879283735613
0.27999593970606085
0.3019828577213959
0.2740101790721715
0.30055023999079117
0.29857165555697707
0.2926280966801458
0.27751206187949823
0.3244590079619251
0.28527862817923
0.295282695000298
0.3405785146275318
0.2819338291015418
0.3130316024461296
0.38187669068356483
0.29872194300406446
0.2860378606696459
0.2952805942091508
0.3738013121239852
0.28129462498296665
0.3107997167193737
0.3441515100080914
0.3215741982262123
0.282725728552317
0.8482697798029725
0.273385369523467
0.2770477064055125
0.2805082231423148
0.30154664591921454
0.34124031709264574
0.348672627468567
0.31096061584938806
0.27089087772497467
0.2544853599156844
0.32496364693943375
0.3539786728687502
0.2616201219289078
0.3356508630677633
0.23912525874137408
0.2979983206561911
0.32526652958128277
0.3410445496058475
0.3131551575831817
0.24955088446451262
0.2872482733166816
0.2857974638053466
0.25787124419451707
0.26633155298373834
0.2735129085845934
0.3123557305203109
0.36901349242598935
0.2674202206012044
0.28322276235560345
0.288402684544494
0.27814399485134383
0.2753700792535247
0.29216844747656995
0.3019235848588091
0.32488699845897123
0.28050738293933847
0.25656749758583625
0.3071945569800142
0.28025765778923006
0.28025765778923006
0.2807857849872271
0.34871646504155257
0.27909783259920545
0.35516700434606385
0.2876332236646078
0.3213143859647116
0.28003170425429497
0.2958418414363112
0.2729931802900337
0.2766738492063977
0.28201606032290377
0.280610602517439
0.2821726838530567
0.30111542805050984
0.30655744232959053
0.29151135924010774
0.307676442757586
0.29455240939953387
0.274339321894366
0.27266523954464295
0.2529315874812852
0.3024470856810809
0.2861694044880216
0.3047252619559853
0.24581940315773645
0.28802642635321385
0.8482697798029725
0.29539506427590634
0.3191507293970789
0.27036832794351195
0.29352313424703386
0.3046696879683127
0.28560159280916547
0.2570620161819073
0.27120752780876684
0.2975627933378407
0.31504918246386826
0.2782861170905389
0.29823059689866954
0.2595826790431448
0.2748917635486836
0.28282053973004956
0.26624870337939305
0.2790318176782585
0.41803902018004857
0.26268605792671973
0.2830355616370456
0.2587881219695743
0.27292121848306966
0.26974959753389427
0.8482697798029725
0.27806399436127566
0.2559529009949593
0.30340343232869965
0.2768635818013384
0.2997200090312246
0.2908537277965197
0.257142286445362
0.28711489480438357
0.28131182505260804
0.3123110894684482
0.2529315874812852
0.28935255804094845
0.26987001127238475
0.2758329316290379
0.2541632944189961
0.27990938886906297
0.2541448559401432
0.262471844033189
0.2587881219695743
0.27929765400316814
0.2879892249230269
0.3036559961349122
0.3080872539809183
0.3080872539809183
0.2660872813303859
0.2660946183383898
0.3106137423297656
0.3043356348263219
0.319307390918706
0.30270642168665524
0.2586346935233261
0.31681587491508884
0.3093112721767912
0.3121296283962927
0.3121296283962927
0.3116656350115016
0.3612292030614907
0.2914225481663032
0.29871595603600404
0.2851924171981747
0.37040134556892446
0.32076495417485434
0.3393040532719759
0.28760050969860634
0.3257069763301782
0.32759770632006874
0.2996393440913743
0.32431042640781677
0.35768116453807747
0.3372243288332202
0.2848964752932288
0.2877744983163649
0.2585881537030769
0.31080578020994887
0.3052117973829463
0.27527898628881947
0.2951861149325768
0.32670978464992034
0.3654816075365766
0.26012317475242375
0.30161238028878484
0.27794971249906614
0.2723762183827476
0.3059633169241728
0.4168048302808476
0.26819063669798915
0.30100348917380054
0.290657422355155
0.34098654339891515
0.30312931514130703
0.25613561405019486
0.2830676794745269
0.2861633294990702
0.2945896441877523
0.2664672612267761
0.29751268021135185
0.3405785146275318
0.2837067348263342
0.2962077933116942
0.2599802707846924
0.30746817545231586
0.29911601290899165
0.30211442997052834
0.26275116342819466
0.32521347879709167
0.2966162819683415
0.2816500994350273
0.3646914844027977
0.27442630022003406
0.28714973108263286
0.2866304699816516
0.27150890743265627
0.26881990725944205
0.28603786715756724
0.3306784202196103
0.2943782378961637
0.28502591562192037
0.2906233791740496
0.3469571513361827
0.2913286672293862
0.34085171660640473
0.2726145912204653
0.3007660579679624
0.28186616325735603
0.27529010055819003
0.30703980985025386
0.31447607361687835
0.273385369523467
0.30578724666753254
0.2737836648029142
0.4691334544052816
0.27089087772497467
0.3127472446198332
0.32374169661319835
0.2720453920381036
0.319143150228787
0.32084012004852225
0.26538013193333554
0.3030001961288981
0.23912525874137408
0.2927566666290478
0.3427975996178751
0.27543169309482046
0.3014610305955786
0.30760560683743066
0.2913674558673671
0.3072402086923298
0.32905615006138156
0.32358225259810536
0.30884441422221015
0.28613303194870093
0.36901349242598935
0.2744946597350227
0.3039119613179721
0.2987312428605915
0.23718637824656127
0.32949119735250565
0.324151383909403
0.31454341625752186
0.30594704400625683
0.25923252551928827
0.32488699845897123
0.39385395065070966
0.2545227885518687
0.3237704609753478
0.2755327405074944
0.29759384875643763
0.28990600750250756
0.3035460018227601
0.3299075094478372
0.2980858155037541
0.27906685547792337
0.4089029301120756
0.3311800272861815
0.31030126734105407
0.29579893268046115
0.301986147003467
0.293816419179453
0.2811504464356783
0.28801631336447503
0.3439816401079582
0.2995372364856181
0.3100056033994518
0.28823998598842465
0.2883559787614031
0.30866863482464985
0.3498588419622291
0.3213143859647116
0.3059705238717448
0.3280065101789259
0.2912916445130165
0.2658301142980727
0.3319403288938278
0.27197561326394354
0.29269918442005305
0.31119651411624816
0.31438008548846036
0.29060830685169525
0.44620399160484614
0.3223558692062902
0.2855778750682099
0.2786660562076615
0.31389901030037953
0.31567279267716314
0.3143751405858573
0.3191923389849713
0.324092687744669
0.34044536984347
0.3484014427602879
0.3597378813493585
0.32026707962700485
0.2796931908283091
0.3601490053591399
0.28574352309421575
0.2687785309022829
0.8482697798029725
0.2839382470857871
0.29530815565363083
0.3234750124448222
0.24665870945694476
0.3125605431238186
0.2967171043311452
0.28491805619983523
0.27591861812958995
0.3175557767085754
0.2900393792604202
0.2809462233013922
0.35509621653207124
0.2771473767051055
0.35006865153189504
0.31695579059361045
0.27299014493431983
0.29931945758053013
0.2521862798350175
0.30091469452076397
0.28245020232192575
0.30152028514002327
0.328199175699592
0.32055781941998424
0.27576898447059106
0.2790270393502043
0.2504495947814476
0.2956650857018724
0.2700305047236016
0.2929197811196015
0.29402244061574984
1.0
0.31883122153028154
0.28736649483735005
0.30480223828638103
0.2834438616464102
0.3383381094310065
0.3002731611249964
0.29616097433832805
0.36213229933403007
0.25477410724798194
0.27013589986028286
0.28393547629464305
0.3145467098549282
0.31857748668266067
0.3082073889859203
0.2856145368082478
0.2948262689375378
0.25317969809113133
0.32289713278594034
0.30365255046867573
0.26400240349691917
0.4550642525962507
0.2916270537444628
0.2787746651133363
0.2769774658015107
0.2879503119046879
0.2976970665393332
0.3179960241265804
0.3135070581922045
0.29336281674572157
0.26776319827474515
0.2700273862141962
0.2858731752682657
0.2890065536361937
0.26364090020163317
0.3134230801737586
0.27254438058058034
0.25930622302825346
0.27454183357966055
0.27068035545415897
0.27893249297345407
0.2717270668140019
0.27416554372613455
0.28770824754935165
0.2799327683496079
0.29597805757134393
0.3121315453090521
0.3272816230501168
0.2539606610423719
0.28703935786916546
0.3094040379921258
0.25157671118344177
0.238040261755114
0.2824073363284705
0.32069973187896195
0.27861451927206127
0.3332733136947511
0.336742022650922
0.3792410940271612
0.28201606032290377
0.280610602517439
0.2821726838530567
0.30111542805050984
0.30655744232959053
0.29151135924010774
0.307676442757586
0.29455240939953387
0.274339321894366
0.27266523954464295
0.2529315874812852
0.3024470856810809
0.2861694044880216
0.3047252619559853
0.24581940315773645
0.28802642635321385
0.8482697798029725
0.29539506427590634
0.3191507293970789
0.27036832794351195
0.29352313424703386
0.3046696879683127
0.28560159280916547
0.2570620161819073
0.27120752780876684
0.2975627933378407
0.31504918246386826
0.2782861170905389
0.29823059689866954
0.2595826790431448
0.2748917635486836
0.28282053973004956
0.26624870337939305
0.2790318176782585
0.41803902018004857
0.26268605792671973
0.2830355616370456
0.2587881219695743
0.27292121848306966
0.26974959753389427
0.8482697798029725
0.27806399436127566
0.2559529009949593
0.30340343232869965
0.2768635818013384
0.2997200090312246
0.2908537277965197
0.32790320017716706
0.2801619236045075
0.3036559961349122
0.31802247078378204
0.24994860701221816
0.2976020315584288
0.2927900619470367
0.3080872539809183
0.3080872539809183
0.3190974299651624
0.2660872813303859
0.31482606222399284
0.3117397583075575
0.5748137128386998
0.2660946183383898
0.2933855836070542
0.3046124192891727
0.313640733314658
0.30941150972589054
0.319307390918706
0.29546688228918544
0.3710700721810255
0.3202282851409106
0.2667746769714345
0.2652264437982773
0.3008308068161968
0.2586346935233261
0.315398350112342
0.28657020182529275
0.274092696762826
0.32433516701905374
0.3126458888013153
0.28616531662896577
0.3121296283962927
0.3121296283962927
0.29461739183973834
0.3079715514862072
0.29871595603600404
0.2851924171981747
0.3620121064242915
0.36048349306922617
0.32759770632006874
0.3073990266272523
0.31864865743858956
0.3049932323738442
0.32431042640781677
0.3372243288332202
0.2848964752932288
0.30484142901557937
0.2904545817659211
0.2765816033779334
0.3048407631214138
0.349178469132801
0.27823632623471695
0.3052117973829463
0.3311010274099287
0.32461302045896995
0.27292985478495985
0.32670978464992034
0.27999593970606085
0.3654816075365766
0.3019828577213959
0.2883905419607691
0.28119091996226314
0.26389649578606494
0.29315454108577294
0.26012317475242375
0.341680949076342
0.40627185642381763
0.30100348917380054
0.347512491210436
0.290657422355155
0.3279139617886138
0.34098654339891515
0.3069088815272986
0.46614110979112133
0.30312931514130703
0.2916855014555924
0.2830676794745269
0.31822398426139814
0.33197508190181174
0.3625150027177739
0.2945896441877523
0.2664672612267761
0.3405785146275318
0.3771260513829043
0.2837067348263342
0.31150824130597904
0.2819338291015418
0.29911601290899165
0.3010112512373628
0.34812100540474006
0.27900233507928623
0.32872859781415686
0.301043079874257
0.3001676864948397
0.3080422636155321
0.27214812488076884
0.38187669068356483
0.27442630022003406
0.2860378606696459
0.2856607881221816
0.3347602923929021
0.2847900316636265
0.2866304699816516
0.2558317617147156
0.3306784202196103
0.3285033666831392
0.8482697798029725
0.30444112216160024
0.2787457894218675
0.2789106354593044
0.30727297393086084
0.2955583678791322
0.2906233791740496
0.3035448207888088
0.30956421136619156
0.3061670482596247
0.34085171660640473
0.2900332490187452
0.2726145912204653
0.28657020182529275
0.27506127433797084
0.35070857629607505
0.30703980985025386
0.38925321750084885
0.2835730032164529
0.3425988542562944
0.2737836648029142
0.4691334544052816
0.30351608999871715
0.31165930371357714
0.35300213053009444
0.31459172350325904
0.3127472446198332
0.2985337517634263
0.2787595305207106
0.2720453920381036
0.32496364693943375
0.2852099293348943
0.319143150228787
0.2693686402069914
0.32084012004852225
0.34101353847181126
0.3339794208078399
0.3030001961288981
0.23912525874137408
0.33147976287386416
0.2927566666290478
0.3427975996178751
0.27543169309482046
0.3014610305955786
0.27612864786911245
0.291433303103965
0.2913674558673671
0.3072402086923298
0.2618494489311286
0.31875404533778917
0.30884441422221015
0.2659624550134546
0.3977922515705626
0.28613303194870093
0.28434323373795317
0.3039119613179721
0.2987312428605915
0.3102107055961857
0.3027627883732142
0.29540168859940474
0.30941150972589054
0.2828732978183569
0.27958453974611586
0.2619485285494331
0.28984411593654924
0.2629983647972794
0.2670751968299015
0.32659335198695405
0.3008308068161968
0.2713509333796274
0.315398350112342
0.28657020182529275
0.27408189829257623
0.2732099075578658
0.32433516701905374
0.3126458888013153
0.3140481713761477
0.36438828917386507
0.3001785272457324
0.30273273942237955
0.28816953815991725
0.30273273942237955
0.30038391943866904
0.29461739183973834
0.3079715514862072
0.29871595603600404
0.2851924171981747
0.2733839335661466
0.2560807448329238
0.28233388798275555
0.268835943670565
0.2574809376830501
0.2730632041357527
0.28163821185185206
0.27823632623471695
0.27527898628881947
0.31069879283735613
0.2878268407920873
0.30273273942237955
0.278255719948687
0.30930498161834724
0.30055023999079117
0.29857165555697707
0.3304584870066733
0.2899490141644728
0.2647511797703019
0.32026113780589327
0.2839342094863363
0.30326076851335837
0.28411159588934237
0.3409668207648141
0.2778505424680403
0.27474019439182357
0.3069088815272986
0.28071171288405344
0.2943318498158073
0.27706314722359804
0.3000151813800272
0.3006460534769907
0.28520262375569916
0.29697028574699025
0.31451054871052314
0.2987300121202267
0.2786900473276901
0.34812100540474006
0.27900233507928623
0.301043079874257
0.27567204708349363
0.3001676864948397
0.32254638262127605
0.38187669068356483
0.2677077441949811
0.29219428212342
0.2860378606696459
0.2856607881221816
0.30055023999079117
0.2770631932080403
0.3107997167193737
0.30606383399755466
0.2930541044740853
0.26241455227131777
0.26270294804853594
0.3035448207888088
0.3030029997822355
0.3182582433282087
0.3001062266851331
0.28657020182529275
0.2990722403256513
0.35070857629607505
0.32456478048424914
0.3425988542562944
0.3029552963042804
0.30351608999871715
0.26767896419162296
0.27866796072105127
0.31459172350325904
0.2843203059007727
0.2787595305207106
0.2949663520754612
0.29661600927256926
0.2693686402069914
0.26538013193333554
0.302648141454605
0.27384737159519495
0.2516925977957497
0.26633155298373834
0.2762016285186872
0.31276166020408885
0.2854128718474368
0.2719733604061142
0.28682990447633877
0.3103579145002569
0.28255179555066295
0.26576226501556705
0.32949119735250565
0.324151383909403
0.35218911710051104
0.35178292634872665
0.28465872451472773
0.3849737969758141
0.27814399485134383
0.3179329313300266
0.39385395065070966
0.30165693346340056
0.289250334988662
0.3001235593735802
0.28741308464666576
0.3692857387916872
0.27196677142368314
0.3186341089337959
0.2645507182658493
0.32789893930703345
0.2697849782417211
0.28329746524095856
0.2812061927389311
0.29078498016059395
0.26369609025756957
0.27823595312722676
0.28185409660654576
0.28514921186767744
0.3177846591458466
0.24837546044972048
0.2834745228506299
0.27310258587840347
0.26442480956454356
0.3047271663260958
0.2875687191722493
0.3180723146260914
0.37535384799072385
0.30826000049222707
0.3003425029730703
0.2878816022188408
0.3138264309902678
0.29269918442005305
0.29533954559088393
0.2738684314595928
0.26416307396642924
0.2829069867427722
0.2730220353241753
0.29060830685169525
0.3181442671130042
0.30151037490012933
0.2784785358974538
0.35246210435362296
0.2905648231812541
0.3100279522083224
0.2846278231395586
0.320547813466695
0.2850650685475874
0.3332344703344905
0.3123598720169893
0.29565167226037836
0.35230797186275653
0.3470808868391032
0.2680214246547532
0.2541042429954014
0.2640538371871258
0.2712188135519211
0.269235305115285
0.32528569562849385
0.24427001803863707
0.2965366659150895
0.2967171043311452
0.2947764333464246
0.29553990413284903
0.31846651846641255
0.300199886550892
0.30945580532869094
0.2964032857311078
0.30457779000986945
0.2760716436148628
0.3092494853526904
0.2567055098043052
0.32044190410387924
0.3003716915648437
0.3021092779872379
0.316636740686439
0.3081373592878626
0.28502362970671224
0.2897531764084639
0.32061404852273495
0.29330082272173413
0.35818824725403964
0.30385542709333135
0.28921529403164714
0.30026298326256795
0.3325343233331395
0.31367115583197014
0.3405249610682564
0.3021645337473943
0.2738321149527142
0.29883126944153743
0.2568507469723064
0.3905348225320131
0.2506730633731524
0.28432258036173763
0.2501768269629502
0.28977702496174385
0.37800385797310826
0.3199059473680546
0.31857748668266067
0.2691874248527874
0.3111217968960131
0.32666802313435883
0.29262619506277016
0.3138264309902678
0.31179847211002854
0.3143412832315157
0.32794190480201624
0.2892807577678199
0.27085390067574416
0.2838615921153031
0.29753728677921426
0.36090117487387574
0.2653524147372595
0.33202857601582
0.2756220403353135
0.26483138243534227
0.30848356763918655
0.26804422803449024
0.29203258889904465
0.2612312242474217
0.4052782250751865
0.2804046758713038
0.26142952327091745
0.26776319827474515
0.30054885820785227
0.2968524354907821
0.3596540828686555
0.2962025900104416
0.25748058973354976
0.2798882434380235
0.3849737969758141
0.2852634886076276
0.3273428976727754
0.27603167419317254
0.2787618495183632
0.29959160756176306
0.3138264309902678
0.27323830836909985
0.2866490722983533
0.22496402749459263
0.33242540345118904
0.2915547217576224
0.3359837725141556
0.29230337480608803
0.2761098222931546
0.28816250731957155
0.26847630509050624
0.26816052879381047
0.2817734817688418
0.37783851030727256
0.2862806735360159
0.2690018923700847
0.336742022650922
0.2814201925662343
0.28972421578315855
0.3138264309902678
0.2573992193955694
0.271369240007065
0.31693182810210213
0.267452819866514
0.2969601407327752
0.2681835128551339
0.26049383791023323
0.26371222979002873
0.3421116774399768
0.26202091606178596
0.2748745864371698
0.29063653517159493
0.2736984787157893
0.27417062276124665
0.29815689527211153
0.30205488290587135
0.27648053951539725
0.26825364706802235
0.2830575084174345
0.25343051784724646
0.26784154699621326
0.24302253236225052
0.24965805505330563
0.2688791605887115
0.27008719559293715
0.303268517514663
0.3025516147640597
0.2972181811378486
0.28325995264794346
0.2534597540617104
0.28723751142637727
0.28174265260959364
0.2992546876428596
0.27668069429975584
0.2787442362542603
0.3079729107888326
0.25912807030180973
0.3061553614013998
0.30289706739077976
0.2997200090312246
0.2908537277965197
0.29761875656160836
0.28163821185185206
0.27823632623471695
0.30738018926551813
0.27527898628881947
0.27527898628881947
0.2951861149325768
0.32461302045896995
0.31069879283735613
0.27292985478495985
0.3553083363088209
0.30930498161834724
0.30841038756986755
0.3257264589132331
0.29887491899407725
0.3117424574143091
0.2647511797703019
0.2839342094863363
0.2926280966801458
0.2961918413348463
0.28411159588934237
0.31801448457461357
0.27170375823645904
0.3409668207648141
0.4168048302808476
0.26819063669798915
0.27938109638974273
0.27399001782872007
0.2709470763324512
0.28071171288405344
0.25613561405019486
0.2653300940713425
0.3002668735069148
0.31822398426139814
0.33197508190181174
0.2945896441877523
0.2758370694561189
0.2695063144876036
0.2599802707846924
0.30971440439474973
0.2987300121202267
0.30971440439474973
0.2786900473276901
0.2937573865700203
0.2855441015692099
0.33174469152573305
0.32254638262127605
0.2677077441949811
0.2581575819320998
0.3236059251758548
0.2745949929621604
0.27150890743265627
0.3285033666831392
0.8482697798029725
0.26241455227131777
0.2789106354593044
0.2955583678791322
0.3161731149035201
0.3061670482596247
0.28450627928092304
0.2685607136075446
0.2819208135762769
0.3196529375830075
0.27506127433797084
0.32456478048424914
0.27119545059926026
0.2900390822703772
0.25873400154001114
0.30154664591921454
0.2725420708981008
0.2864269194196612
0.28601332529671786
0.3028545930643259
0.27763245879677156
0.27543169309482046
0.29574041728138345
0.26759780389863697
0.2786351176171297
0.30760560683743066
0.2615016020899218
0.2762016285186872
0.24602188571420555
0.3185414585018574
0.28682990447633877
0.3103579145002569
0.29707028998573753
0.27567846008739083
0.2801824881493417
0.2793904855729948
0.35178292634872665
0.2599056922750675
0.4287975431524164
0.31392675063470155
0.25923252551928827
0.3292194277201
0.2779385022304824
0.2840178512000861
0.30165693346340056
0.3111550732956432
0.2724624177520978
0.2545227885518687
0.2459334551625454
0.2979519596564234
0.32846765432667613
0.3001235593735802
0.34885529652051345
0.29539901008556946
0.2864465553618802
0.27196677142368314
0.3077738133453609
0.27454183357966055
0.27454183357966055
0.32789893930703345
0.4089029301120756
0.28329746524095856
0.2804518885105153
0.33284793727697537
0.293816419179453
0.3286502168369936
0.25201313087953076
0.3439816401079582
0.293816419179453
0.24837546044972048
0.28823998598842465
0.32350533511168544
0.27310258587840347
0.2974834712446528
0.28646857905606093
0.3061987856210042
0.29505959130164044
0.3180723146260914
0.2976116311621196
0.30826000049222707
0.27197561326394354
0.35242450629523
0.3138264309902678
0.29602071510897904
0.3031731614892431
0.30532315918983594
0.3114746623238438
0.34575373512529955
0.32867179643822125
0.2988802471154472
0.28052530759048117
0.3130700422888401
0.3104199300870441
0.25949965387721785
0.2889088250757395
0.320547813466695
0.3332344703344905
0.28481061436669775
0.31816589388981464
0.35511519267762787
0.27357054921312907
0.3178841866285635
0.2789191889629857
0.3523166953498667
0.3179910414822752
0.3040943412027949
0.2776305730083088
0.24427001803863707
0.25184696378677474
0.5200869194290588
0.2848239410395881
0.2625004252107595
0.28720388707124206
0.30945580532869094
0.25276523649223775
0.2809462233013922
0.2649162990036312
0.27935512912066013
0.27367254582447986
0.2660095569618977
0.32664963210507336
0.8482697798029725
0.29407401097884056
0.30984895621431324
0.32288825231746077
0.29014451152338916
0.3251259424239606
0.3350017585475739
0.31386505705379286
0.2635487362848893
0.32061404852273495
0.3417003388786268
0.31883122153028154
0.284785746690891
0.29883126944153743
0.2659456993704509
0.26312081158864514
0.36213229933403007
0.2972278774678549
0.3199059473680546
0.2691874248527874
0.27390644092182154
0.32666802313435883
0.2927743701103622
0.3138264309902678
0.27104043696693586
0.3143412832315157
0.30365255046867573
0.280855580191288
0.2783586970456415
0.3500556992832748
0.30576427968148123
0.3370913317951149
0.31934142731202453
0.33202857601582
0.26483138243534227
0.2853471840240735
0.2879503119046879
0.2612312242474217
0.4052782250751865
0.3267940524209892
0.2730747721470783
0.34889565186473953
0.30578724666753254
0.3138264309902678
0.2910507643314578
0.32434414807937234
0.3138264309902678
0.3129619613660478
0.22496402749459263
0.27416554372613455
0.27516632619382536
0.27536985578620543
0.3997675645384125
0.2963794213970907
0.3016152993374557
0.29668982570835706
0.26816052879381047
0.3134857377049006
0.238040261755114
0.5248766469291252
0.2666020269063915
0.2593337433899159
0.47100712213801565
0.27315501009365434
0.3820741662735153
0.2627072431039347
0.313199099225194
0.28294869344517726
0.3449020208310172
0.4137343425529671
0.3286906146112997
0.28972421578315855
0.3138264309902678
0.2573992193955694
0.2969601407327752
0.2933457089705242
0.28148085966044334
0.33431223941165294
0.3166632966838041
0.2831155360145066
0.28992605866304155
0.24817241530685288
0.27417062276124665
0.3048376899012403
0.27032816742794435
0.3047252619559853
0.24302253236225052
0.3093106534507463
0.2781866453704846
0.2833923926523928
0.2522888245196984
0.32949297237770103
0.3025516147640597
0.29402536278895747
0.27990938886906297
0.2611333855064574
0.28723751142637727
0.4072026560234418
0.25250568511713395
0.28174265260959364
0.24971170260475142
0.3565207059375194
0.310050116274207
0.27255204880291845
0.28733629050720483
0.32439927919231765
0.278719545878859
0.2767787201861196
0.25878210573626437
0.2827416191117637
0.2483219181828344
0.27806399436127566
0.2908537277965197
0.2519413029809705
0.2626319667856853
0.8482697798029725
0.37357931866483923
0.30006145448379073
0.30415411126047853
0.319307390918706
0.30671474409329036
0.31287703009448214
0.2967848089954272
0.3082282332356641
0.3381358661790637
0.2771430126734741
0.2996393440913743
0.3049932323738442
0.3073418399956147
0.2877744983163649
0.26466885403035434
0.31080578020994887
0.3052117973829463
0.2951861149325768
0.3069928634527102
0.30298907309489737
0.28958388020390624
0.30161238028878484
0.27794971249906614
0.2723762183827476
0.32026113780589327
0.28411159588934237
0.29193843309998285
0.34098654339891515
0.28596985991242146
0.2729047656542539
0.29697028574699025
0.30218842917784805
0.29911601290899165
0.291679652206432
0.3647824664912728
0.30971440439474973
0.30319558438531496
0.25561017266907526
0.2845727609781275
0.2866304699816516
0.2558317617147156
0.28603786715756724
0.8482697798029725
0.2663009619547029
0.29607426504733203
0.2913286672293862
0.3134014852101789
0.3007660579679624
0.2819208135762769
0.28186616325735603
0.27529010055819003
0.2990722403256513
0.30016707615511334
0.3127472446198332
0.32731060701294856
0.2720453920381036
0.319143150228787
0.28775806573123536
0.30848269882523033
0.3427975996178751
0.3119601941264547
0.30192486296266663
0.2913674558673671
0.3072402086923298
0.2926315250711052
0.2975734164544263
0.27214406072304403
0.31454341625752186
0.32052301596233773
0.2784508654116323
0.25923252551928827
0.2779385022304824
0.266456793235422
0.25148127771598966
0.2755327405074944
0.34885529652051345
0.2864465553618802
0.3069690976296854
0.27454183357966055
0.33421854263237044
0.3052124946436916
0.31030126734105407
0.2769451559101581
0.293816419179453
0.268057377764831
0.30528233950627254
0.30747873810751175
0.28801631336447503
0.33747499030130135
0.2974834712446528
0.28646857905606093
0.3185079779622651
0.2938056076273271
0.29602071510897904
0.2852760477294239
0.30532315918983594
0.2837639920537235
0.44620399160484614
0.2786660562076615
0.33466027740165755
0.3232463270013415
0.31389901030037953
0.3263651853946115
0.2798157216844697
0.24288355911273357
0.3484014427602879
0.3601490053591399
0.28574352309421575
0.277739053105957
0.2803421319111446
0.31846651846641255
0.27591861812958995
0.3175557767085754
0.2964032857311078
0.27299014493431983
0.29866796269602086
0.30091469452076397
0.31493166336155254
0.2785621393718792
0.2603738052672006
0.32055781941998424
0.29330082272173413
0.27576898447059106
0.2504495947814476
0.2929197811196015
0.29402244061574984
0.32194668321863773
0.30026298326256795
0.290533825790135
0.31367115583197014
0.28935575369378785
0.30817332937438674
0.3002731611249964
0.30801600627913733
0.27013589986028286
0.3172067743619725
0.3199059473680546
0.8482697798029725
0.26690140276711155
0.3445069876535949
0.2794980197723299
0.3082073889859203
0.2658456918212175
0.26139617033277424
0.2781729626118975
0.30114876106922794
0.2990327985995599
0.25858746789679926
0.31934142731202453
0.3138054484408328
0.2840934427455103
0.2976970665393332
0.27791117138867755
0.2730747721470783
0.29336281674572157
0.2896925728338983
0.2968524354907821
0.27224878433626803
0.31480146344840354
0.34889565186473953
0.3134230801737586
0.3780648621614494
0.3138264309902678
0.27454183357966055
0.3144718079344355
0.30111064518117453
0.2844547465334981
0.26514992747430427
0.2743978375383997
0.308090943126751
0.34855470209016576
0.4268864326997238
0.3349388404530396
0.2962271941395194
0.2564557219938134
0.318433884543014
0.4137343425529671
0.2942795801160144
0.2825557912012097
0.33022477915248805
0.26058784308283583
0.2913428099302706
0.2828502376601152
0.2865543286023512
0.2861694044880216
0.26825364706802235
0.2710176555590233
0.27032816742794435
0.29932261087158146
0.2522888245196984
0.2688791605887115
0.30598932103259247
0.29043426862893834
0.2570620161819073
0.2908013998799463
0.2541448559401432
0.27120752780876684
0.2595826790431448
0.3065326124029145
0.2959775761930182
0.262471844033189
0.28282053973004956
0.28626399491918614
0.2913170535327926
0.24971170260475142
0.31872355704133143
0.2790318176782585
0.28464548886167035
0.28733629050720483
0.2816640281881355
0.25878210573626437
0.25105982314919784
0.34073904741499633
0.2582625313619522
0.2559529009949593
0.3473231496861001
0.3083334051876447
0.29550024468356767
0.25365242861952597
0.2626319667856853
0.31924742061696154
0.310727126291214
0.2556692320496416
0.28858284648097515
0.3160373496595438
0.3052826755368884
0.3635029071671052
0.32329832326991326
0.2900246142374767
0.2972131038647974
0.3451794418763461
0.2803499607755674
0.3869795254584328
0.30038391943866904
0.2791452451500937
0.2962857291485121
0.3612292030614907
0.31994506114393295
0.3037762094499559
0.2877606472634011
0.30363094608686225
0.27752271876542783
0.27752271876542783
0.30484142901557937
0.32874108709677496
0.3451906647185811
0.286824068400866
0.2790374433033754
0.2937645495035495
0.3311010274099287
0.27999593970606085
0.2740101790721715
0.29857165555697707
0.2899097836269483
0.3304584870066733
0.3164609425492286
0.2926280966801458
0.347512491210436
0.29260986957693674
0.3279139617886138
0.27751206187949823
0.3244590079619251
0.295282695000298
0.33474359821401145
0.3122714913541489
0.2819338291015418
0.3130316024461296
0.301043079874257
0.2975681064919793
0.28714973108263286
0.29872194300406446
0.2860378606696459
0.2952805942091508
0.3738013121239852
0.28129462498296665
0.28905903519590515
0.3231528889146465
0.3441515100080914
0.29755434912940154
0.2701498382207617
0.3051139042939332
0.2900332490187452
0.3215741982262123
0.282725728552317
0.8482697798029725
0.31447607361687835
0.273385369523467
0.2770477064055125
0.2805082231423148
0.26794190229445364
0.26732262095938314
0.30154664591921454
0.348672627468567
0.31096061584938806
0.28470290335958653
0.27089087772497467
0.2544853599156844
0.32496364693943375
0.3539786728687502
0.2616201219289078
0.3356508630677633
0.31472826534497256
0.2979983206561911
0.25173944636254425
0.3410445496058475
0.3131551575831817
0.3250043598798475
0.3185621231002788
0.2872482733166816
0.2857974638053466
0.25787124419451707
0.26633155298373834
0.2735129085845934
0.3123557305203109
0.3076013869664177
0.2674202206012044
0.35218911710051104
0.28322276235560345
0.288402684544494
0.31054721090067217
0.29216844747656995
0.32488699845897123
0.307187734196592
0.28050738293933847
0.2942880348784129
0.28025765778923006
0.28025765778923006
0.2807857849872271
0.2684371738690829
0.3267175367569908
0.278856191451648
0.27909783259920545
0.35516700434606385
0.2834745228506299
0.28149946610317217
0.30643427447942356
0.3213143859647116
0.3030508991106362
0.28003170425429497
0.2729931802900337
0.27176434843058744
0.2807167972189363
0.3285761819706969
0.2766738492063977
0.31119651411624816
0.28905903519590515
0.3178341297553175
0.27468908969519906
0.28713727509488496
0.2950782497599301
0.31567279267716314
0.3075200457655767
0.2714873120966045
0.8482697798029725
0.27034786911831676
0.30217382089407613
0.269235305115285
0.32533355870629466
0.3234750124448222
0.3276410669306755
0.2965366659150895
0.26925989912138154
0.35509621653207124
0.2878869775813332
0.29866796269602086
0.26463151064945617
0.26947648877274527
0.30664757398522313
0.3241026848914625
0.2841455797941289
0.30385542709333135
0.28921529403164714
0.3347631513018326
0.3206617594456552
0.2570801883888671
0.3202748008985627
0.3138643535167969
0.31907960340364655
0.25477410724798194
0.27752271876542783
0.25501802068083584
0.28169314105948395
0.26400240349691917
0.26009767798064554
0.26318004796625727
0.256911886216908
0.3135070581922045
0.24362401661333938
0.2504753621688248
0.27536985578620543
0.257142286445362
0.274339321894366
0.28131182505260804
0.3123110894684482
0.28935255804094845
0.26784154699621326
0.28211333411525646
0.2835604793861316
0.27990938886906297
0.2541448559401432
0.2738100480894096
0.28938551165500326
0.2587881219695743
0.3098212500447595
0.2756078741764662
0.2843006853833628
0.30941150972589054
0.2828732978183569
0.2619485285494331
0.28816953815991725
0.3547386646101526
0.30638989563091384
0.3049932323738442
0.28119091996226314
0.25522824738714733
0.2808985884598084
0.27210481300548356
0.2778505424680403
0.2943318498158073
0.2916855014555924
0.28596985991242146
0.2830676794745269
0.3000151813800272
0.3625150027177739
0.29697028574699025
0.291679652206432
0.3647824664912728
0.25561017266907526
0.35668645810686783
0.2663009619547029
0.29607426504733203
0.3986186842947878
0.3134014852101789
0.3007660579679624
0.2638935693946056
0.28186616325735603
0.2990722403256513
0.38925321750084885
0.30578724666753254
0.25873400154001114
0.30351608999871715
0.31165930371357714
0.2949663520754612
0.28601332529671786
0.30848269882523033
0.2927566666290478
0.3410445496058475
0.3427975996178751
0.3119601941264547
0.30192486296266663
0.30760560683743066
0.24472900782704948
0.2975734164544263
0.31454341625752186
0.2784508654116323
0.2590860891591339
0.28169458850228
0.266456793235422
0.3179329313300266
0.25148127771598966
0.27454183357966055
0.4290684442943505
0.3091177907909745
0.3286502168369936
0.268057377764831
0.30528233950627254
0.28801631336447503
0.3177846591458466
0.33747499030130135
0.28646857905606093
0.3304064761045276
0.29505959130164044
0.2938056076273271
0.3020460994401329
0.3286048951628468
0.30416252590463044
0.2878816022188408
0.2852760477294239
0.2478120408424069
0.44620399160484614
0.2867708905130749
0.2786660562076615
0.3100279522083224
0.28619512892009497
0.35230797186275653
0.2847621890378754
0.28481061436669775
0.31151876670523193
0.2680214246547532
0.30217382089407613
0.3040943412027949
0.3042846474703795
0.5200869194290588
0.3287749790785988
0.28292609449187517
0.30848356763918655
0.2840934427455103
0.2976970665393332
0.2716436548177561
0.3179960241265804
0.3418886091703614
0.33434488102254084
0.2884061081151671
0.26776319827474515
0.30054885820785227
0.2700273862141962
0.2665093576654089
0.36283756167556674
0.3596540828686555
0.2796447241837198
0.31480146344840354
0.3134230801737586
0.30270147575593803
0.27576907312432436
0.27254438058058034
0.3007855424133296
0.2512969075886372
0.2988836377974789
0.28681147715674066
0.28311719810444336
0.28597020260596456
0.25583020721977373
0.2982533903920127
0.2799327683496079
0.3359837725141556
0.3121315453090521
0.27888316255466133
0.26800780750082603
0.2963794213970907
0.3272816230501168
0.2812619253693366
0.26323338940003127
0.28816250731957155
0.2831252622534717
0.28703935786916546
0.3652709002921894
0.25157671118344177
0.3134857377049006
0.29464224748262696
0.2824073363284705
0.32069973187896195
0.47100712213801565
0.28850389445870733
0.28294847024633435
0.3332733136947511
0.2969940796800137
0.2962271941395194
0.30462515255599754
0.31990462278508003
0.3792410940271612
0.26968889263206064
0.2756814110915424
0.2575309878411768
0.2573992193955694
0.2875111547414214
0.33425709381183444
0.28858647042565255
0.30910460780881777
0.30111542805050984
0.25737460867070816
0.2933457089705242
0.28148085966044334
0.29151135924010774
0.307676442757586
0.29455240939953387
0.2906540938005803
0.25809301504391985
0.27266523954464295
0.29859954284940504
0.2736984787157893
0.32772736439114697
0.2716459794184814
0.3245414777196573
0.27641943347224684
0.2865543286023512
0.27648053951539725
0.26968699117290407
0.25343051784724646
0.2652814576083782
0.27292674743673084
0.33559914699522647
0.2913428099302706
0.29859954284940504
0.25942839892673397
0.2716459794184814
0.24817241530685288
0.2861694044880216
0.2710176555590233
0.2873033144489153
0.3093106534507463
0.2738356829966977
0.2833923926523928
0.30498374499111647
0.29043426862893834
0.2972181811378486
0.2721163221948422
0.2934510044091339
0.2512475075256015
0.27780887089422956
0.29761875656160836
0.2782861170905389
0.3065326124029145
0.2959775761930182
0.28626399491918614
0.2913170535327926
0.24971170260475142
0.27255204880291845
0.26268605792671973
0.28290449872378787
0.25878210573626437
0.28604748322443957
0.2667791497500164
0.28096177574017805
0.34073904741499633
0.29132288039660176
0.31548778749645945
0.2969918295992992
0.29550024468356767
0.2801619236045075
0.25365242861952597
0.6063565474641036
0.554114045729644
0.554114045729644
0.6768199444396044
0.767324735494354
0.554114045729644
0.6063565474641036
0.5977662888058988
0.554114045729644
0.554114045729644
0.6063565474641036
0.6830069420169875
0.7451351700949728
0.5813504232452389
0.6134902324260223
0.6473785780292332
0.6229039157341895
0.5783148263227988
0.6163206609613253
0.6549729319786372
0.6449687879792625
0.7566667435103218
0.6386745950073498
0.5558594490318265
0.5637399975939671
0.5806317373520258
0.5806317373520258
0.7002970082181025
0.7265385415739968
0.5552680743454046
0.687566346588966
0.7265385415739968
0.5619475000561384
0.6242391645319187
0.7332565553750701
0.7265385415739968
0.7265385415739968
0.6485698178584316
0.6111565610207644
0.5705383336974029
0.5918523993514577
0.5918523993514577
0.5705383336974029
0.6765083271922954
0.5705383336974029
0.31924742061696154
0.27408189829257623
0.2732099075578658
0.310727126291214
0.2556692320496416
0.28858284648097515
0.3160373496595438
0.2953680717948164
0.286054825537383
0.3052826755368884
0.31681587491508884
0.3093112721767912
0.28587413122682265
0.2998533349341306
0.29507963934048637
0.3635029071671052
0.32329832326991326
0.2900246142374767
0.2972131038647974
0.3451794418763461
0.2803499607755674
0.3869795254584328
0.30038391943866904
0.2791452451500937
0.31994506114393295
0.3037762094499559
0.34557299991290924
0.2877606472634011
0.32874108709677496
0.3451906647185811
0.286824068400866
0.2790374433033754
0.2937645495035495
0.3311010274099287
0.27999593970606085
0.29315454108577294
0.3304584870066733
0.3164609425492286
0.3244590079619251
0.3122714913541489
0.2819338291015418
0.3153928864372659
0.2975681064919793
0.28714973108263286
0.29872194300406446
0.2952805942091508
0.28129462498296665
0.28905903519590515
0.3231528889146465
0.29755434912940154
0.3051139042939332
0.2900332490187452
0.3215741982262123
0.282725728552317
0.8482697798029725
0.31447607361687835
0.273385369523467
0.24402070647156918
0.2770477064055125
0.2805082231423148
0.26794190229445364
0.26732262095938314
0.28470290335958653
0.32526652958128277
0.3005390373847612
0.3316200837354387
0.3131551575831817
0.3250043598798475
0.3185621231002788
0.27396705744517114
0.278086683817342
0.3067407574295396
0.2857974638053466
0.3076013869664177
0.35218911710051104
0.29216844747656995
0.32488699845897123
0.307187734196592
0.29759384875643763
0.28741308464666576
0.2942880348784129
0.3071945569800142
0.2684371738690829
0.278856191451648
0.34871646504155257
0.35516700434606385
0.2834745228506299
0.28149946610317217
0.30643427447942356
0.3213143859647116
0.3030508991106362
0.28003170425429497
0.36580968849173306
0.3205395864700092
0.27176434843058744
0.2807167972189363
0.3285761819706969
0.28905903519590515
0.3178341297553175
0.28713727509488496
0.3130700422888401
0.2950782497599301
0.31567279267716314
0.3075200457655767
0.2714873120966045
0.8482697798029725
0.27034786911831676
0.30217382089407613
0.269235305115285
0.24427001803863707
0.35509621653207124
0.29866796269602086
0.3241026848914625
0.2841455797941289
0.30385542709333135
0.28921529403164714
0.3347631513018326
0.3206617594456552
0.2570801883888671
0.3202748008985627
0.31907960340364655
0.25477410724798194
0.25501802068083584
0.26400240349691917
0.26009767798064554
0.26483138243534227
0.3135070581922045
0.32246039803987564
0.26142952327091745
0.31669967482735123
0.27536985578620543
0.274339321894366
0.2529315874812852
0.26784154699621326
0.28211333411525646
0.2738100480894096
0.2587881219695743
0.3098212500447595
0.2756078741764662
0.2608104320216632
0.29271208579973673
0.3168306306712948
0.2807408651347249
0.2835843342615124
0.3078422345646244
0.2857861887388928
0.2991327786621949
0.2827029058558972
0.2830252565666166
0.3502002338531959
0.2965366659150895
0.30138107649524254
0.33204849262782665
0.32355216951185206
0.26925989912138154
0.285426809084944
0.31153876545768383
0.2878869775813332
0.35006865153189504
0.32044190410387924
0.2490506072650029
0.2772075066889319
0.2488182247550998
0.2603738052672006
0.35818824725403964
0.286851101563439
0.27734301883242957
0.28147581314245357
0.3138643535167969
0.2850139747092061
0.2501768269629502
0.28977702496174385
0.28388797246846653
0.31179847211002854
0.27013202949431614
0.26318004796625727
0.36324869716249436
0.256911886216908
0.34761848458106637
0.2776989492379981
0.2576938168787314
0.26804422803449024
0.29203258889904465
0.4052782250751865
0.24362401661333938
0.6045636518845103
0.2844547465334981
0.2591540866348537
0.2935131791056253
0.27094399161963467
0.4137343425529671
0.27713372154962357
0.257142286445362
0.28711489480438357
0.36504220529959086
0.287034884285009
0.2837648677098728
0.25942839892673397
0.28131182505260804
0.3123110894684482
0.29815689527211153
0.2638844550219417
0.2494720714300974
0.2707900171973778
0.2522888245196984
0.2721163221948422
0.28325995264794346
0.2512475075256015
0.25250568511713395
0.262471844033189
0.2748917635486836
0.24856154593100713
0.27929765400316814
0.29761875656160836
0.2501786450602801
0.31924742061696154
0.27408189829257623
0.2732099075578658
0.310727126291214
0.2556692320496416
0.28858284648097515
0.3160373496595438
0.2953680717948164
0.286054825537383
0.3052826755368884
0.31681587491508884
0.3093112721767912
0.28587413122682265
0.2998533349341306
0.29507963934048637
0.3635029071671052
0.32329832326991326
0.2900246142374767
0.2972131038647974
0.3451794418763461
0.2803499607755674
0.3869795254584328
0.30038391943866904
0.2791452451500937
0.31994506114393295
0.3037762094499559
0.34557299991290924
0.2877606472634011
0.32874108709677496
0.3451906647185811
0.286824068400866
0.2790374433033754
0.2937645495035495
0.3311010274099287
0.27999593970606085
0.29315454108577294
0.3304584870066733
0.3244590079619251
0.3122714913541489
0.2819338291015418
0.3153928864372659
0.2975681064919793
0.28714973108263286
0.29872194300406446
0.2952805942091508
0.28129462498296665
0.28905903519590515
0.3231528889146465
0.29755434912940154
0.3051139042939332
0.2900332490187452
0.3215741982262123
0.282725728552317
0.8482697798029725
0.31447607361687835
0.273385369523467
0.24402070647156918
0.2770477064055125
0.2805082231423148
0.26794190229445364
0.26732262095938314
0.28470290335958653
0.27396705744517114
0.278086683817342
0.3067407574295396
0.2857974638053466
0.3076013869664177
0.29216844747656995
0.32488699845897123
0.307187734196592
0.29759384875643763
0.28741308464666576
0.2942880348784129
0.3071945569800142
0.2684371738690829
0.278856191451648
0.34871646504155257
0.35516700434606385
0.2834745228506299
0.28149946610317217
0.30643427447942356
0.3213143859647116
0.3030508991106362
0.28003170425429497
0.36580968849173306
0.3205395864700092
0.27176434843058744
0.2807167972189363
0.3285761819706969
0.28905903519590515
0.3178341297553175
0.28713727509488496
0.3130700422888401
0.2950782497599301
0.31567279267716314
0.3075200457655767
0.2714873120966045
0.8482697798029725
0.27034786911831676
0.30217382089407613
0.35509621653207124
0.29866796269602086
0.3241026848914625
0.2841455797941289
0.30385542709333135
0.28921529403164714
0.3347631513018326
0.3202748008985627
0.31907960340364655
0.25501802068083584
0.26009767798064554
0.26483138243534227
0.32246039803987564
0.274339321894366
0.28211333411525646
0.2738100480894096
0.2587881219695743
0.3098212500447595
0.2608104320216632
0.2843006853833628
0.37357931866483923
0.30006145448379073
0.30415411126047853
0.33521474063899753
0.2880279920420598
0.30791267954520823
0.5748137128386998
0.33439668533088795
0.29540168859940474
0.3153101709921043
0.31287703009448214
0.2848430255570748
0.28314538001179734
0.29973988324186934
0.2967848089954272
0.28616531662896577